2.415065E-16    3.979276E-17
-1.381262E-17    7.151598E-19
-2.379635E-17    1.022641E-17
-2.866469E-17    5.060624E-18
-3.05925E-17    6.472972E-18
-3.139756E-17    6.712104E-18
-3.182791E-17    6.591266E-18
-3.284022E-17    6.993775E-18
-3.290762E-17    6.475511E-18
-3.377149E-17    6.791628E-18
-3.358432E-17    6.008169E-18
-3.430803E-17    6.207698E-18
-3.515866E-17    6.477252E-18
-3.498069E-17    5.928461E-18
-3.531748E-17    5.759801E-18
-3.533961E-17    5.308063E-18
-3.645981E-17    5.906883E-18
-3.618596E-17    5.172444E-18
-3.639325E-17    4.972679E-18
-3.666653E-17    4.83028E-18
-3.744302E-17    5.175525E-18
-3.800298E-17    5.282353E-18
-3.747472E-17    4.343029E-18
-3.83707E-17    4.846367E-18
-3.870483E-17    4.7489E-18
-3.829695E-17    3.982816E-18
-3.886644E-17    4.196889E-18
-3.891165E-17    3.910852E-18
-3.947672E-17    4.133852E-18
-3.93119E-17    3.652552E-18
-3.930777E-17    3.35623E-18
-4.003001E-17    3.787547E-18
-3.967725E-17    3.139513E-18
-4.073278E-17    3.900126E-18
-4.051547E-17    3.39163E-18
-4.04684E-17    3.067345E-18
-4.076108E-17    3.124045E-18
-4.10887E-17    3.19556E-18
-4.076735E-17    2.648637E-18
-4.167104E-17    3.312286E-18
-4.144947E-17    2.841537E-18
-4.147389E-17    2.649423E-18
-4.141696E-17    2.414486E-18
-4.144469E-17    2.254583E-18
-4.19656E-17    2.599693E-18
-4.191267E-17    2.373094E-18
-4.200427E-17    2.297886E-18
-4.238065E-17    2.493764E-18
-4.206676E-17    2.00892E-18
-4.255961E-17    2.348714E-18
-4.248913E-17    2.12671E-18
-4.249746E-17    1.997059E-18
-4.252134E-17    1.878881E-18
-4.267619E-17    1.90325E-18
-4.289305E-17    1.995409E-18
-4.296438E-17    1.924124E-18
-4.276864E-17    1.625657E-18
-4.313684E-17    1.872937E-18
-4.314627E-17    1.763306E-18
-4.3268E-17    1.768713E-18
-4.324904E-17    1.65081E-18
-4.312917E-17    1.433163E-18
-4.354568E-17    1.750939E-18
-4.341465E-17    1.514906E-18
-4.34311E-17    1.440288E-18
-4.340715E-17    1.337757E-18
-4.366179E-17    1.516264E-18
-4.358731E-17    1.361315E-18
-4.36126E-17    1.313993E-18
-4.380864E-17    1.433056E-18
-4.368315E-17    1.232634E-18
-4.382995E-17    1.316802E-18
-4.389312E-17    1.310707E-18
-4.391222E-17    1.262883E-18
-4.386152E-17    1.154433E-18
-4.400438E-17    1.244072E-18
-4.400586E-17    1.183823E-18
-4.399348E-17    1.126263E-18
-4.389366E-17    9.819789E-19
-4.40326E-17    1.075004E-18
-4.40028E-17    1.009319E-18
-4.411272E-17    1.076234E-18
-4.406019E-17    9.870455E-19
-4.415854E-17    1.049367E-18
-4.402422E-17    8.703477E-19
-4.406154E-17    8.848489E-19
-4.422217E-17    1.014299E-18
-4.425808E-17    1.005908E-18
-4.42121E-17    9.289809E-19
-4.424104E-17    9.273213E-19
-4.420881E-17    8.682508E-19
-4.431387E-17    9.46738E-19
-4.427057E-17    8.754725E-19
-4.430226E-17    8.821831E-19
-4.438184E-17    9.251999E-19
-4.441259E-17    9.309186E-19
-4.434775E-17    8.398568E-19
-4.45001E-17    9.659519E-19
-4.432923E-17    7.687046E-19
-4.438098E-17    8.028946E-19
-4.44264E-17    8.280159E-19
-4.452429E-17    9.013099E-19
-4.443757E-17    7.954479E-19
-4.461077E-17    9.409228E-19
-4.452233E-17    8.314719E-19
-4.46635E-17    9.455662E-19
-4.45459E-17    8.06069E-19
-4.460024E-17    8.393009E-19
-4.45238E-17    7.432686E-19
-4.45476E-17    7.517059E-19
-4.465003E-17    8.357315E-19
-4.461556E-17    7.835615E-19
-4.45617E-17    7.163182E-19
-4.473474E-17    8.714242E-19
-4.465199E-17    7.733036E-19
-4.472892E-17    8.274311E-19
-4.461626E-17    7.065749E-19
-4.470392E-17    7.776414E-19
-4.460772E-17    6.708141E-19
-4.472145E-17    7.770618E-19
-4.479669E-17    8.34287E-19
-4.473594E-17    7.563168E-19
-4.469868E-17    7.078493E-19
-4.47601E-17    7.577179E-19
-4.485584E-17    8.388413E-19
-4.479062E-17    7.528667E-19
-4.477045E-17    7.277842E-19
-4.478235E-17    7.267762E-19
-4.479669E-17    7.320886E-19
-4.478921E-17    7.123202E-19
-4.477486E-17    6.893332E-19
-4.493087E-17    8.357837E-19
-4.487122E-17    7.613227E-19
-4.488183E-17    7.627338E-19
-4.481198E-17    6.849543E-19
-4.493729E-17    7.978967E-19
-4.48355E-17    6.866832E-19
-4.491028E-17    7.527754E-19
-4.486684E-17    7.025366E-19
-4.487526E-17    7.031982E-19
-4.485956E-17    6.833331E-19
-4.48584E-17    6.786962E-19
-4.489718E-17    7.104321E-19
-4.486957E-17    6.729618E-19
-4.488301E-17    6.821567E-19
-4.495975E-17    7.527183E-19
-4.485142E-17    6.388403E-19
-4.499202E-17    7.65081E-19
-4.498952E-17    7.498675E-19
-4.499562E-17    7.46881E-19
-4.498508E-17    7.288586E-19
-4.498022E-17    7.117312E-19
-4.500461E-17    7.305673E-19
-4.506181E-17    7.742582E-19
-4.502259E-17    7.257574E-19
-4.497953E-17    6.72422E-19
-4.502629E-17    7.135507E-19
-4.503362E-17    7.105111E-19
-4.507695E-17    7.423388E-19
-4.506742E-17    7.2778E-19
-4.498947E-17    6.404389E-19
-4.51021E-17    7.445424E-19
-4.515416E-17    7.841094E-19
-4.502021E-17    6.45261E-19
-4.499631E-17    6.15924E-19
-4.517329E-17    7.864286E-19
-4.502076E-17    6.287093E-19
-4.507402E-17    6.793644E-19
-4.516837E-17    7.659502E-19
-4.507847E-17    6.650843E-19
-4.501486E-17    5.995674E-19
-4.505585E-17    6.386338E-19
-4.514002E-17    7.200892E-19
-4.515305E-17    7.239281E-19
-4.510286E-17    6.682139E-19
-4.509177E-17    6.532428E-19
-4.506916E-17    6.272207E-19
-4.508763E-17    6.444863E-19
-4.512356E-17    6.809803E-19
-4.50851E-17    6.381569E-19
-4.510951E-17    6.580127E-19
-4.501013E-17    5.594212E-19
-4.51792E-17    7.274782E-19
-4.507114E-17    6.139204E-19
-4.508827E-17    6.287211E-19
-4.512621E-17    6.676388E-19
-4.51258E-17    6.612976E-19
-4.509453E-17    6.268229E-19
-4.513769E-17    6.705979E-19
-4.51136E-17    6.417742E-19
-4.517065E-17    7.005537E-19
-4.510389E-17    6.289893E-19
-4.511287E-17    6.383379E-19
-4.510745E-17    6.308678E-19
-4.513941E-17    6.5885E-19
-4.510277E-17    6.184536E-19
-4.517118E-17    6.85687E-19
-4.514445E-17    6.540852E-19
-4.515041E-17    6.590797E-19
-4.51624E-17    6.690442E-19
-4.514932E-17    6.567489E-19
