0
0
0
0
0
0
0
0
0
0
0
0
0
0
0
0
0
0
0
0
0.1272183
0.05539382
0.006199656
0.4343399
2.162528
4.233579
4.501018
3.118372
1.997732
1.31174
1.052099
0.7318936
0.566377
0.4318554
0.3988941
0.369168
0.2982724
0.2489021
0.2855173
0.3080554
0.2914135
0.4057339
0.4516647
0.4701061
0.4673545
0.4530875
0.3695317
0.3794593
0.310049
0.3060348
0.3135404
0.337948
0.3123006
0.3149509
0.2925613
0.250263
0.2284593
0.2206696
0.2358504
0.1986995
0.195075
0.1959359
0.1976169
0.2293037
0.2068859
0.2307199
0.1906411
0.1830847
0.2118383
0.2460686
0.2276447
0.2343328
0.217005
0.2114976
0.2126053
0.2177182
0.2254175
0.2127402
0.2311027
0.2171178
0.2211461
0.2126843
0.2110206
0.2165801
0.2026799
0.2245094
0.2112577
0.2051245
0.2066616
0.2148009
0.2078957
0.2129763
0.2105197
0.2003243
0.2055023
0.2013154
0.2027787
0.1974071
0.2101569
0.2018689
0.1944396
0.1835412
0.2067667
0.1809458
0.1793211
0.1788983
0.1854045
0.1941425
0.1798044
0.1774481
0.1843255
0.1787903
0.1722747
0.176265
0.1776016
0.1652226
0.1792895
0.1618375
0.1629171
0.1657807
0.159988
0.1726672
0.1618748
0.1637724
0.164177
0.1623782
0.1653755
0.1672766
0.1651487
0.1630401
0.1574982
0.1619703
0.1673945
0.1543216
0.1476397
0.1514244
0.1507279
0.1484769
0.1455505
0.1426568
0.1391564
0.137493
0.1284955
0.138144
0.1438533
0.1382027
0.1348493
0.1409154
0.1394486
0.1437505
0.1371942
0.1389427
0.1399301
0.144053
0.1367701
0.1330781
0.1323926
0.1354954
0.1357753
0.1389678
0.1390493
0.1343338
0.1366421
0.1295648
0.129135
0.1304302
0.1325935
0.1324241
0.1302632
0.1296933
0.1281356
0.1261721
0.1260385
0.1264754
0.1227904
0.1185698
0.1190326
0.1188012
0.115352
0.117289
0.1096708
0.1090111
0.1045546
0.1067283
0.1116318
0.1043342
0.1063607
0.098974
0.1043466
0.110869
0.1117987
0.109562
0.1035199
0.1029971
0.1029102
0.09884369
0.09911139
0.1015266
0.1005032
0.1040526
0.0939335
0.09438518
0.09806664
0.09334615
0.09133382
0.09013152
0.09018339
0.08934127
0.08771187
0.0863053
0.09008732
0.0879377
0.08738871
0.08957872
0.08870593
0.085903
0.08347069
0.08232832
0.07917151
0.07974721
0.07344748
0.07470082
0.07592421
0.07300293
0.07595715
0.07800832
0.07672972
0.07328419
0.07272523
0.06957803
0.0676442
0.07127705
0.06518956
0.06470912
0.06389899
0.06299908
0.06067661
0.06199372
0.06109466
0.05934796
0.05873582
0.05844145
0.05690086
0.05523043
0.05165302
0.05435321
0.05122918
0.04974394
0.04877752
0.04912219
0.05075491
0.04759407
0.04703516
0.04596294
0.04343967
0.04137799
0.04080517
0.0397392
0.04102193
0.04215149
0.03747636
0.03855009
0.03737989
0.03627774
0.03656285
0.03373154
0.03513163
0.03139398
0.03312305
0.03445814
0.03403907
0.03312058
0.0321541
0.03150043
0.03236964
0.0312481
0.02964697
0.03093188
0.03068695
0.02934756
0.02885716
0.02714212
0.02566167
0.02688508
0.02524894
0.02509667
0.02315662
0.02246251
0.02304098
0.02292039
0.02182064
0.02012914
0.02033632
0.02050655
0.01982031
0.01792118
0.01836117
0.01826392
0.01786811
0.01786416
0.01627676
0.01569431
0.01645005
0.0151027
0.0144373
0.01539084
0.0139362
0.01346673
0.01221772
0.0109604
0.01093996
0.01152432
0.0103106
0.01065808
0.01015687
0.009646523
0.008358247
0.008807125
0.007815418
0.007832259
0.007392005
0.007297064
0.007859844
0.00803284
0.007010682
0.00677793
0.006127341
0.006445639
0.006997328
0.005921509
0.005790848
0.005943008
0.00510078
0.005351611
0.004850511
0.004371446
0.004467289
0.004859548
0.003962267
0.004251015
0.004698255
0.004187312
0.003700823
0.004409225
0.003830119
0.003422943
0.003428274
0.003087488
0.003133343
0.003001773
0.002618251
0.003037676
0.002292821
0.001947737
0.001910565
0.002116367
0.0017625
0.001462619
0.001784056
0.00156893
0.001649798
0.00140892
0.001667089
0.00164415
0.001220215
0.001430727
0.000946828
0.001026003
0.0008258293
0.001102656
0.0008609979
0.0008563822
0.0008672875
0.0009511443
0.0009173501
0.0008187318
0.0008974174
0.0007593422
0.0006503464
0.0006098109
0.0005581213
0.0005310146
0.0003557428
0.0004190098
0.0005695727
0.0005013475
0.0003688461
0.0004354675
0.0003847551
0.0003295314
0.0003315585
0.0002579325
0.0003715066
0.0001321941
0.0002029949
0.0002133972
0.000332419
0.0001339747
0.0002015555
0.0001813266
0.0001221726
0.0001948247
0.0002780818
0.0002139107
0.0002188005
0.0001523484
6.66694E-05
0.0002013095
0.0001467132
0.0002287923
0.0001075835
0.0001859933
0.0001052596
0.0001816263
6.007382E-05
0.0001094293
5.261876E-05
6.907624E-05
1.585386E-05
4.011286E-05
6.78638E-05
4.447258E-05
4.549931E-05
0.0001230433
4.124532E-05
0
0
0
0
0
0
0
0
0
0
0
0
0
0
0
0
0
0
0
0
0
0
0
0
0
0
0
0
0
0
0
0
0
0
0
0
0
0
0
0
0
0
0
0
0
0
0
0
0
0
0
0
0
0
0
0
0
0
0
0
0
0
0
0
0
0
0
0
0
0
0
0
0
0
0
0
0
0
0
0
0
0
0
0
0
0
0
