19209.63
345.2376
4936.719
2442.975
3124.775
3240.214
3181.88
3376.188
3126.001
3278.604
2900.395
2996.716
3126.841
2861.917
2780.498
2562.425
2851.5
2496.956
2400.521
2331.779
2498.443
2550.013
2096.562
2339.545
2292.493
1922.672
2026.014
1887.932
1995.584
1763.24
1620.193
1828.408
1515.574
1882.754
1637.282
1480.736
1508.108
1542.631
1278.608
1598.979
1371.729
1278.988
1165.574
1088.382
1254.981
1145.592
1109.286
1203.844
969.7902
1133.823
1026.652
964.0641
907.0145
918.7785
963.2675
928.8556
784.7729
904.1455
851.2216
853.8319
796.9155
691.848
845.2515
731.3087
695.2875
645.7912
731.9642
657.1639
634.3195
691.7964
595.0442
635.6756
632.7332
609.6465
557.2931
600.5659
571.4809
543.6942
474.0424
518.9493
487.2406
519.5431
476.4883
506.5734
420.1533
427.1537
489.6449
485.5938
448.458
447.6569
419.1411
457.0301
422.6273
425.8668
446.6328
449.3934
405.4341
466.3055
371.0859
387.5909
399.718
435.1001
383.9961
454.2229
401.3864
456.4644
389.1233
405.1657
358.8069
362.8799
403.4426
378.258
345.7969
420.673
373.3061
399.4357
341.0934
375.4001
323.8301
375.1203
402.7453
365.1059
341.7085
365.7822
404.9439
363.4403
351.332
350.8453
353.4099
343.8669
332.7701
403.4678
367.5224
368.2036
330.6562
385.1782
331.4908
363.3963
339.1439
339.4633
329.8736
327.6351
342.9554
324.8669
329.3057
363.3687
308.395
369.3367
361.9925
360.5508
351.8506
343.5825
352.6754
373.7669
350.3535
324.6063
344.4608
342.9935
358.3581
351.33
309.1667
359.4218
378.5225
311.4945
297.3323
379.6421
303.5044
327.9577
369.7563
321.0641
289.4363
308.2953
347.6172
349.4704
322.5749
315.3477
302.7857
311.1206
328.7377
308.0651
317.6503
270.0561
351.1842
296.3651
303.51
322.2972
319.2361
302.5937
323.7257
309.8113
338.1866
303.6395
308.1525
304.5464
318.0545
298.5535
331.0099
315.7543
318.1654
322.9757
317.0402
