16204.71
16204.71
16152.91
16100.59
16047.75
15994.39
15940.49
15886.06
15831.09
15775.58
15719.53
15662.92
15605.76
15548.04
15489.76
15430.92
15371.5
15311.51
15250.94
15189.78
15128.04
15065.71
15002.78
14939.24
14875.11
14810.36
14745
14679.02
14612.41
14545.18
14477.32
14408.81
14339.67
14269.88
14199.43
14128.34
14056.58
13984.15
13911.05
13837.28
13762.83
13687.69
13611.86
13535.33
13458.11
13380.18
13301.53
13222.17
13142.09
13061.29
12979.75
12897.47
12814.46
12730.69
12646.17
12560.89
12474.85
12388.04
12300.45
12212.08
12122.93
12032.98
11942.24
11850.69
11758.33
11665.16
11571.16
11476.34
11380.69
11284.19
11186.86
11088.67
10989.62
10889.71
10788.94
10687.28
10584.75
10481.33
10377.01
10271.79
10165.66
10058.63
9950.667
9841.782
9731.963
9621.205
9509.5
9396.842
9283.225
9168.64
9053.082
8936.544
8819.019
8700.497
8580.977
8460.446
8338.901
8216.334
8092.737
7968.102
7842.423
7715.692
7587.902
7459.045
7329.115
7198.104
7066.003
6932.805
6798.504
6663.088
6526.553
6388.892
6250.095
6110.153
5969.061
5826.809
5683.389
5538.794
5393.015
5246.043
5097.872
4948.491
4797.892
4646.068
4493.01
4338.709
4183.158
4026.346
3868.265
3708.908
3548.263
3386.324
3223.081
3058.524
2892.645
2725.432
2556.881
2386.981
2215.721
2043.092
1869.087
1693.694
1516.903
1338.707
1159.094
978.0565
795.5814
611.6622
426.2847
239.4447
51.12891
46.40207
42.13181
38.27173
34.78048
31.62109
28.76043
26.1689
23.81996
21.68983
19.75716
18.00275
16.40946
14.96179
13.64584
12.44909
11.36026
10.36921
9.466784
8.64472
7.895576
7.212622
6.589775
6.021537
5.502953
5.029517
4.597161
4.202191
3.841266
3.511358
3.209716
2.933843
2.681472
2.450549
2.2392
2.045724
1.868571
1.706337
1.557738
1.421606
1.296877
1.182579
1.077829
0.9818203
0.8938147
0.8131402
0.7391832
0.671382
0.6092238
0.5522386
0.5
0.4521139
0.4082215
0.3679937
0.33113
0.297354
0.2664133
0.2380763
0.2121301
0.1883804
0.1666485
0.1467701
0.128595
0.1119849
0.0968129
0.08296256
0.07032681
0.05880724
0.04831326
0.03876222
0.0300775
0.02218884
0.01503158
0.008546231
0.002678205
-0.002622906
-0.007403384
-0.01170584
-0.01556954
-0.01903055
-0.02212222
-0.02487508
-0.02731738
-0.02947504
-0.031372
-0.03303029
-0.03447014
-0.03571025
-0.03676783
-0.0376587
-0.03839744
-0.03899749
-0.03947121
-0.03982998
-0.04008428
-0.04024375
-0.04031727
-0.040313
-0.04023845
-0.04010054
-0.03990562
-0.03965951
-0.0393676
-0.0390348
-0.03866563
-0.03826427
-0.0378345
-0.03737984
-0.03690347
-0.03640834
-0.03589712
-0.03537227
-0.03483603
-0.03429045
-0.03373739
-0.03317857
-0.03261553
-0.03204967
-0.03148227
-0.03091449
-0.0303474
-0.02978193
-0.02921892
-0.02865916
-0.02810333
-0.02755204
-0.02700585
-0.02646523
-0.02593063
-0.02540241
-0.02488091
-0.02436641
-0.02385917
-0.0233594
-0.02286726
-0.02238291
-0.02190647
-0.02143802
-0.02097764
-0.02052537
-0.02008124
-0.01964528
-0.01921747
-0.01879778
-0.0183862
-0.01798267
-0.01758715
-0.01719957
-0.01681986
-0.01644795
-0.01608373
-0.01572713
-0.01537806
-0.01503639
-0.01470204
-0.0143749
-0.01405484
-0.01374177
-0.01343557
-0.01313611
-0.01284329
-0.01255698
-0.01227707
-0.01200343
-0.01173595
-0.01147451
-0.01121899
-0.01096927
-0.01072523
-0.01048677
-0.01025376
-0.01002608
-0.009803635
-0.009586304
-0.00937398
-0.009166552
-0.008963911
-0.008765955
-0.008572579
-0.008383682
-0.00819916
-0.008018916
-0.007842853
-0.007670875
-0.007502887
-0.007338802
-0.007178527
-0.007021973
-0.006869052
-0.006719683
-0.00657378
-0.006431263
-0.006292053
-0.006156069
-0.006023237
-0.005893482
-0.005766728
-0.005642909
-0.005521954
-0.005403792
-0.005288358
-0.005175588
-0.005065416
-0.004957779
-0.00485262
-0.004749876
-0.004649491
-0.004551407
-0.004455572
-0.004361927
-0.004270423
-0.004181007
-0.00409363
-0.004008242
-0.003924794
-0.003843243
-0.003763539
-0.003685642
-0.003609505
-0.003535089
-0.00346235
-0.003391249
-0.003321745
-0.003253803
-0.003187382
-0.00312245
-0.003058967
-0.002996902
-0.002936218
-0.002876885
-0.002818868
-0.002762137
-0.002706662
-0.002652413
-0.00259936
-0.002547475
-0.002496731
-0.002447099
-0.002398555
-0.002351072
-0.002304627
-0.002259192
-0.002214747
-0.002171267
-0.002128729
-0.002087111
-0.002046392
-0.002006549
-0.001967565
-0.001929419
-0.00189209
-0.001855561
-0.00181981
-0.001784824
-0.00175058
-0.001717065
-0.00168426
-0.00165215
-0.001620717
-0.001589948
-0.001559825
-0.001530334
-0.001501464
-0.001473196
-0.00144552
-0.001418419
-0.001391883
-0.001365897
-0.001340451
-0.001315531
-0.001291126
-0.001267222
-0.001243811
-0.00122088
-0.001198419
-0.001176417
-0.001154865
-0.001133751
-0.001113067
-0.001092801
-0.001072947
-0.001053493
-0.001034433
-0.001015756
-0.0009974543
-0.0009795191
-0.0009619428
-0.0009447186
-0.0009278367
-0.0009112918
-0.0008950745
-0.0008791796
-0.0008635984
-0.0008483255
-0.0008333529
-0.0008186753
-0.0008042852
-0.0007901777
-0.0007763454
-0.0007627837
-0.0007494855
-0.0007364463
-0.0007236596
-0.0007111212
-0.0006988243
-0.0006867652
-0.0006749377
-0.0006633382
-0.0006519605
-0.0006408009
-0.0006298541
-0.0006191161
-0.0006085828
-0.000598249
-0.0005881116
-0.0005781656
-0.0005684079
-0.0005588336
-0.0005494397
-0.0005402218
-0.0005311769
-0.0005223009
-0.0005135909
-0.0005050428
-0.0004966542
-0.0004884207
-0.0004803402
-0.0004724086
-0.0004646236
-0.0004569819
-0.0004494809
-0.0004421171
-0.0004348886
-0.0004277917
-0.0004208248
-0.0004139844
-0.0004072685
-0.0004006741
-0.0003941991
-0.0003878415
-0.0003815982
-0.0003754676
-0.0003694469
-0.0003635344
-0.0003577275
-0.0003520247
-0.0003464233
-0.0003409217
-0.0003355178
-0.0003302098
-0.0003249956
-0.0003198738
-0.0003148421
-0.0003098991
-0.0003050428
-0.0003002718
-0.0002955842
-0.0002909787
-0.0002864532
-0.0002820067
-0.0002776374
-0.000273344
-0.0002691246
-0.0002649782
-0.0002609036
-0.0002568989
-0.0002529632
-0.0002490949
-0.0002452928
-0.0002415557
-0.0002378824
-0.0002342716
-0.0002307224
-0.0002272331
-0.0002238031
-0.000220431
-0.0002171159
-0.0002138564
-0.000210652
-0.0002075012
-0.0002044033
-0.0002013571
-0.0001983619
-0.0001954164
-0.0001925201
-0.0001896717
-0.0001868707
-0.0001841159
-0.0001814066
-0.0001787422
-0.0001761214
-0.0001735438
-0.0001710084
-0.0001685145
-0.0001660613
-0.0001636483
-0.0001612745
-0.0001589393
-0.0001566419
-0.0001543819
-0.0001521582
-0.0001499706
-0.0001478182
-0.0001457005
-0.0001436166
-0.0001415663
-0.0001395487
-0.0001375634
-0.0001356098
-0.0001336873
-0.0001317952
-0.0001299333
-0.0001281007
-0.0001262973
-0.0001245221
-0.000122775
-0.0001210555
-0.0001193629
-0.0001176969
-0.0001160568
-0.0001144425
-0.0001128533
-0.0001112889
-0.0001097487
-0.0001082326
-0.0001067398
-0.0001052702
-0.0001038232
-0.0001023986
-0.0001009959
-9.96147E-05
-9.825469E-05
-9.691556E-05
-9.559684E-05
-9.42983E-05
-9.30195E-05
-9.176018E-05
-9.051994E-05
-8.929856E-05
-8.809561E-05
-8.691084E-05
-8.5744E-05
-8.459466E-05
-8.346266E-05
-8.234762E-05
-8.124932E-05
-8.01674E-05
-7.910171E-05
-7.805185E-05
-7.701767E-05
-7.599882E-05
-7.499514E-05
-7.400627E-05
-7.303208E-05
-7.207225E-05
-7.11266E-05
-7.019484E-05
-6.927681E-05
-6.83722E-05
-6.748089E-05
-6.660258E-05
-6.573714E-05
-6.488425E-05
-6.404384E-05
-6.321561E-05
-6.23994E-05
-6.159503E-05
-6.080227E-05
-6.002101E-05
-5.925096E-05
-5.849205E-05
-5.774398E-05
-5.700672E-05
-5.627996E-05
-5.556365E-05
-5.485752E-05
-5.41615E-05
-5.347536E-05
-5.279901E-05
-5.213223E-05
-5.147492E-05
-5.08269E-05
-5.018804E-05
-4.955818E-05
-4.893721E-05
-4.832496E-05
-4.772132E-05
-4.712612E-05
-4.653928E-05
-4.596062E-05
-4.539006E-05
-4.482741E-05
-4.42726E-05
-4.372552E-05
-4.318601E-05
-4.265399E-05
-4.21293E-05
-4.161188E-05
-4.110157E-05
-4.059832E-05
-4.010194E-05
-3.961241E-05
-3.912956E-05
-3.865335E-05
-3.818361E-05
-3.77203E-05
-3.726329E-05
-3.681251E-05
-3.636784E-05
-3.592921E-05
-3.54965E-05
-3.506965E-05
-3.464856E-05
-3.423316E-05
-3.382333E-05
-3.341902E-05
-3.302013E-05
-3.262658E-05
-3.223831E-05
-3.185521E-05
-3.147724E-05
-3.11043E-05
-3.073632E-05
-3.037322E-05
-3.001495E-05
-2.96614E-05
-2.931255E-05
-2.896829E-05
-2.862859E-05
-2.829333E-05
-2.796251E-05
-2.763602E-05
-2.731381E-05
-2.699581E-05
-2.668199E-05
-2.637224E-05
-2.606655E-05
-2.576482E-05
-2.546702E-05
-2.517308E-05
-2.488296E-05
-2.459658E-05
-2.43139E-05
-2.403488E-05
-2.375944E-05
-2.348757E-05
-2.321917E-05
-2.295423E-05
-2.269267E-05
-2.243448E-05
-2.217956E-05
-2.192791E-05
-2.167946E-05
-2.143417E-05
-2.1192E-05
-2.09529E-05
-2.071682E-05
-2.048375E-05
-2.025361E-05
-2.002637E-05
-1.9802E-05
-1.958046E-05
-1.936169E-05
-1.914567E-05
-1.893235E-05
-1.872171E-05
-1.85137E-05
-1.830827E-05
-1.810542E-05
-1.790508E-05
-1.770724E-05
-1.751184E-05
-1.731889E-05
-1.71283E-05
-1.694008E-05
-1.675417E-05
-1.657057E-05
-1.638921E-05
-1.621009E-05
-1.603316E-05
-1.585841E-05
-1.56858E-05
-1.551529E-05
-1.534687E-05
-1.51805E-05
-1.501615E-05
-1.48538E-05
-1.469343E-05
-1.4535E-05
-1.437848E-05
-1.422387E-05
-1.407111E-05
-1.392021E-05
-1.377111E-05
-1.362381E-05
-1.347829E-05
-1.33345E-05
-1.319244E-05
-1.305208E-05
-1.29134E-05
-1.277637E-05
-1.264098E-05
-1.250719E-05
-1.2375E-05
-1.224437E-05
-1.211531E-05
-1.198775E-05
-1.186171E-05
-1.173717E-05
-1.161409E-05
-1.149245E-05
-1.137225E-05
-1.125346E-05
-1.113607E-05
-1.102005E-05
-1.090539E-05
-1.079207E-05
-1.068007E-05
-1.056938E-05
-1.045997E-05
-1.035184E-05
-1.024496E-05
-1.013933E-05
-1.003491E-05
-9.931704E-06
-9.82969E-06
-9.728856E-06
-9.629176E-06
-9.53065E-06
-9.433252E-06
-9.336979E-06
-9.241801E-06
-9.14772E-06
-9.054712E-06
-8.962769E-06
-8.87187E-06
-8.782011E-06
-8.693168E-06
-8.605343E-06
-8.518509E-06
-8.432662E-06
-8.347785E-06
-8.26387E-06
-8.180896E-06
-8.098863E-06
-8.017754E-06
-7.937555E-06
-7.858263E-06
-7.779856E-06
-7.702329E-06
-7.625669E-06
-7.549866E-06
-7.474916E-06
-7.400794E-06
-7.327499E-06
-7.255019E-06
-7.183351E-06
-7.112471E-06
-7.042378E-06
-6.97306E-06
-6.904515E-06
-6.836721E-06
-6.769674E-06
-6.703366E-06
-6.637795E-06
-6.572937E-06
-6.508793E-06
-6.445351E-06
-6.382609E-06
-6.320548E-06
-6.259163E-06
-6.19845E-06
-6.138398E-06
-6.079006E-06
-6.020253E-06
-5.962138E-06
-5.904653E-06
-5.847797E-06
-5.791551E-06
-5.735912E-06
-5.680874E-06
-5.626433E-06
-5.572574E-06
-5.519294E-06
-5.466587E-06
-5.41445E-06
-5.362866E-06
-5.311836E-06
-5.26135E-06
-5.211408E-06
-5.161995E-06
-5.113108E-06
-5.06474E-06
-5.016891E-06
-4.969547E-06
-4.922703E-06
-4.876356E-06
-4.830499E-06
-4.785131E-06
-4.740237E-06
-4.695817E-06
-4.651864E-06
-4.608378E-06
-4.565344E-06
-4.522761E-06
-4.480626E-06
-4.438935E-06
-4.397675E-06
-4.356848E-06
-4.316445E-06
-4.276467E-06
-4.236902E-06
-4.197747E-06
-4.159001E-06
-4.120659E-06
-4.08271E-06
-4.045154E-06
-4.007986E-06
-3.971206E-06
-3.934801E-06
-3.898772E-06
-3.863112E-06
-3.82782E-06
-3.792893E-06
-3.758322E-06
-3.724103E-06
-3.690234E-06
-3.656716E-06
-3.623536E-06
-3.590694E-06
-3.558187E-06
-3.526014E-06
-3.494164E-06
-3.462638E-06
-3.431431E-06
-3.400543E-06
-3.369965E-06
-3.339695E-06
-3.309732E-06
-3.280073E-06
-3.25071E-06
-3.221642E-06
-3.192866E-06
-3.164382E-06
-3.136181E-06
-3.108262E-06
-3.080622E-06
-3.053259E-06
-3.026171E-06
-2.999351E-06
-2.972797E-06
-2.946508E-06
-2.920482E-06
-2.894713E-06
-2.869199E-06
-2.843938E-06
-2.818929E-06
-2.794164E-06
-2.769644E-06
-2.745366E-06
-2.72133E-06
-2.697527E-06
-2.673958E-06
-2.650622E-06
-2.627516E-06
-2.604633E-06
-2.581976E-06
-2.559539E-06
-2.537324E-06
-2.515323E-06
-2.493536E-06
-2.471962E-06
-2.450598E-06
-2.429442E-06
-2.408491E-06
-2.387742E-06
-2.367193E-06
-2.346846E-06
-2.326693E-06
-2.306735E-06
-2.28697E-06
-2.267396E-06
-2.248009E-06
-2.228807E-06
-2.209791E-06
-2.190958E-06
-2.172304E-06
-2.153829E-06
-2.13553E-06
-2.117407E-06
-2.099455E-06
-2.081675E-06
-2.064064E-06
-2.046622E-06
-2.029343E-06
-2.012229E-06
-1.995277E-06
-1.978487E-06
-1.961855E-06
-1.945379E-06
-1.929059E-06
-1.912893E-06
-1.89688E-06
-1.881017E-06
-1.865302E-06
-1.849736E-06
-1.834316E-06
-1.81904E-06
-1.803906E-06
-1.788915E-06
-1.774064E-06
-1.759351E-06
-1.744775E-06
-1.730334E-06
-1.716029E-06
-1.701856E-06
-1.687814E-06
-1.673903E-06
-1.660121E-06
-1.646466E-06
-1.632937E-06
-1.619533E-06
-1.606254E-06
-1.593095E-06
-1.580059E-06
-1.567142E-06
-1.554344E-06
-1.541664E-06
-1.529099E-06
-1.51665E-06
-1.504314E-06
-1.492093E-06
-1.479981E-06
-1.46798E-06
-1.456089E-06
-1.444307E-06
-1.432631E-06
-1.421061E-06
-1.409596E-06
-1.398236E-06
-1.386978E-06
-1.375822E-06
-1.364766E-06
-1.353812E-06
-1.342955E-06
-1.332196E-06
-1.321534E-06
-1.310969E-06
-1.300498E-06
-1.29012E-06
-1.279836E-06
-1.269644E-06
-1.259544E-06
-1.249534E-06
-1.239613E-06
-1.22978E-06
-1.220036E-06
-1.210378E-06
-1.200806E-06
-1.191319E-06
-1.181917E-06
-1.172597E-06
-1.16336E-06
-1.154205E-06
-1.145132E-06
-1.136138E-06
-1.127223E-06
-1.118387E-06
-1.109629E-06
-1.100948E-06
-1.092344E-06
-1.083815E-06
-1.075361E-06
-1.066981E-06
-1.058674E-06
-1.05044E-06
-1.042277E-06
-1.034187E-06
-1.026167E-06
-1.018217E-06
-1.010335E-06
-1.002524E-06
-9.947786E-07
-9.871013E-07
-9.794904E-07
-9.719461E-07
-9.644662E-07
-9.570514E-07
-9.497004E-07
-9.424139E-07
-9.35189E-07
-9.280266E-07
-9.209259E-07
-9.138872E-07
-9.06908E-07
-8.999887E-07
-8.931287E-07
-8.863282E-07
-8.795853E-07
-8.729E-07
-8.662717E-07
-8.597E-07
-8.53185E-07
-8.46725E-07
-8.403198E-07
-8.33969E-07
-8.276728E-07
-8.214295E-07
-8.152392E-07
-8.091012E-07
-8.030157E-07
-7.96981E-07
-7.909977E-07
-7.850646E-07
-7.79182E-07
-7.733482E-07
-7.675639E-07
-7.618279E-07
-7.561407E-07
-7.505008E-07
-7.449082E-07
-7.393625E-07
-7.338634E-07
-7.284099E-07
-7.230021E-07
-7.176393E-07
-7.123211E-07
-7.070478E-07
-7.018182E-07
-6.966317E-07
-6.914883E-07
-6.863882E-07
-6.813298E-07
-6.763133E-07
-6.713384E-07
-6.66405E-07
-6.615119E-07
-6.566591E-07
-6.518462E-07
-6.470736E-07
-6.423401E-07
-6.376453E-07
-6.329888E-07
-6.283711E-07
-6.23791E-07
-6.192483E-07
-6.147427E-07
-6.102745E-07
-6.058424E-07
-6.014463E-07
-5.970862E-07
-5.927618E-07
-5.884726E-07
-5.842182E-07
-5.799982E-07
-5.758126E-07
-5.716612E-07
-5.675431E-07
-5.634583E-07
-5.594068E-07
-5.553881E-07
-5.514016E-07
-5.474473E-07
-5.435248E-07
-5.396342E-07
-5.357746E-07
-5.319462E-07
-5.281484E-07
-5.243814E-07
-5.206444E-07
-5.16937E-07
-5.132595E-07
-5.096118E-07
-5.059928E-07
-5.024027E-07
-4.988412E-07
-4.953086E-07
-4.918035E-07
-4.883264E-07
-4.848769E-07
-4.814549E-07
-4.780604E-07
-4.746923E-07
-4.71351E-07
-4.680361E-07
-4.647477E-07
-4.61485E-07
-4.58248E-07
-4.550366E-07
-4.518506E-07
-4.486895E-07
-4.455533E-07
-4.424417E-07
-4.393548E-07
-4.362919E-07
-4.332529E-07
-4.302377E-07
-4.272464E-07
-4.242782E-07
-4.213331E-07
-4.184112E-07
-4.155121E-07
-4.126354E-07
-4.097811E-07
-4.06949E-07
-4.041389E-07
-4.013508E-07
-3.985841E-07
-3.958389E-07
-3.931149E-07
-3.904122E-07
-3.877302E-07
-3.850689E-07
-3.82428E-07
-3.798079E-07
-3.772076E-07
-3.746273E-07
-3.72067E-07
-3.695265E-07
-3.670052E-07
-3.645033E-07
-3.620206E-07
-3.59557E-07
-3.571122E-07
-3.54686E-07
-3.522783E-07
-3.498892E-07
-3.475182E-07
-3.451651E-07
-3.4283E-07
-3.405127E-07
-3.382131E-07
-3.359309E-07
-3.336658E-07
-3.31418E-07
-3.291874E-07
-3.269735E-07
-3.247763E-07
-3.225958E-07
-3.204318E-07
-3.18284E-07
-3.161524E-07
-3.140368E-07
-3.119373E-07
-3.098534E-07
-3.077851E-07
-3.057325E-07
-3.036953E-07
-3.016732E-07
-2.996663E-07
-2.976743E-07
-2.956975E-07
-2.937352E-07
-2.917875E-07
-2.898543E-07
-2.879356E-07
-2.860313E-07
-2.84141E-07
-2.822648E-07
-2.804024E-07
-2.785541E-07
-2.767192E-07
-2.74898E-07
-2.730902E-07
-2.71296E-07
-2.695148E-07
-2.677468E-07
-2.659918E-07
-2.642499E-07
-2.625207E-07
-2.608042E-07
-2.591003E-07
-2.574091E-07
-2.557301E-07
-2.540634E-07
-2.52409E-07
-2.507668E-07
-2.491365E-07
-2.47518E-07
-2.459115E-07
-2.443166E-07
-2.427335E-07
-2.411618E-07
-2.396015E-07
-2.380526E-07
-2.36515E-07
-2.349886E-07
-2.334731E-07
-2.319687E-07
-2.304753E-07
-2.289925E-07
-2.275205E-07
-2.260591E-07
-2.246084E-07
-2.231681E-07
-2.217381E-07
-2.203184E-07
-2.189091E-07
-2.175098E-07
-2.161205E-07
-2.147411E-07
-2.133719E-07
-2.120123E-07
-2.106624E-07
-2.093223E-07
-2.079916E-07
-2.066707E-07
-2.05359E-07
-2.040567E-07
-2.027637E-07
-2.0148E-07
-2.002053E-07
-1.989397E-07
-1.976831E-07
-1.964355E-07
-1.951966E-07
-1.939666E-07
-1.927452E-07
-1.915326E-07
-1.903285E-07
-1.891329E-07
-1.879457E-07
-1.86767E-07
-1.855965E-07
-1.844343E-07
-1.832802E-07
-1.821344E-07
-1.809965E-07
-1.798666E-07
-1.787446E-07
-1.776306E-07
-1.765243E-07
-1.754257E-07
-1.743348E-07
-1.732516E-07
-1.721761E-07
-1.711079E-07
-1.700472E-07
-1.689938E-07
-1.679479E-07
-1.669092E-07
-1.658777E-07
-1.648534E-07
-1.638363E-07
-1.628261E-07
-1.618229E-07
-1.608267E-07
-1.598375E-07
-1.58855E-07
-1.578793E-07
-1.569104E-07
-1.559482E-07
-1.549925E-07
-1.540435E-07
-1.53101E-07
-1.52165E-07
-1.512354E-07
-1.503122E-07
-1.493953E-07
-1.484847E-07
-1.475804E-07
-1.466823E-07
-1.457902E-07
-1.449043E-07
-1.440245E-07
-1.431506E-07
-1.422828E-07
-1.414207E-07
-1.405647E-07
-1.397144E-07
-1.388699E-07
-1.380311E-07
-1.371981E-07
-1.363706E-07
-1.355489E-07
-1.347326E-07
-1.33922E-07
-1.331167E-07
-1.323169E-07
-1.315225E-07
-1.307335E-07
-1.299498E-07
-1.291714E-07
-1.283982E-07
-1.276302E-07
-1.268674E-07
-1.261097E-07
-1.253571E-07
-1.246096E-07
-1.238671E-07
-1.231295E-07
-1.223968E-07
-1.216691E-07
-1.209463E-07
-1.202283E-07
-1.19515E-07
-1.188065E-07
-1.181028E-07
-1.174037E-07
-1.167092E-07
-1.160194E-07
-1.153342E-07
-1.146535E-07
-1.139774E-07
-1.133057E-07
-1.126385E-07
-1.119757E-07
-1.113172E-07
-1.106631E-07
-1.100134E-07
-1.093679E-07
-1.087267E-07
-1.080897E-07
-1.074569E-07
-1.068284E-07
-1.062039E-07
-1.055834E-07
-1.049671E-07
-1.043549E-07
-1.037466E-07
-1.031423E-07
-1.02542E-07
-1.019457E-07
-1.013532E-07
-1.007646E-07
-1.001798E-07
-9.959889E-08
-9.902171E-08
-9.84483E-08
-9.78786E-08
-9.731268E-08
-9.675039E-08
-9.619173E-08
-9.563669E-08
-9.508528E-08
-9.453748E-08
-9.399319E-08
-9.345242E-08
-9.291512E-08
-9.238137E-08
-9.185101E-08
-9.132409E-08
-9.080053E-08
-9.028042E-08
-8.97636E-08
-8.925012E-08
-8.873992E-08
-8.823307E-08
-8.772944E-08
-8.722901E-08
-8.673178E-08
-8.623781E-08
-8.574696E-08
-8.525924E-08
-8.477463E-08
-8.429317E-08
-8.381473E-08
-8.333934E-08
-8.286701E-08
-8.239766E-08
-8.193135E-08
-8.146799E-08
-8.100752E-08
-8.055003E-08
-8.009547E-08
-7.964374E-08
-7.919489E-08
-7.874886E-08
-7.830571E-08
-7.786532E-08
-7.742773E-08
-7.699288E-08
-7.656084E-08
-7.613146E-08
-7.57048E-08
-7.528083E-08
-7.485957E-08
-7.444093E-08
-7.402488E-08
-7.361149E-08
-7.320072E-08
-7.27925E-08
-7.238682E-08
-7.198369E-08
-7.158307E-08
-7.118501E-08
-7.078938E-08
-7.039625E-08
-7.000558E-08
-6.961736E-08
-6.923153E-08
-6.884811E-08
-6.846705E-08
-6.808842E-08
-6.771213E-08
-6.733816E-08
-6.696649E-08
-6.659717E-08
-6.623014E-08
-6.586533E-08
-6.550281E-08
-6.514258E-08
-6.478453E-08
-6.442869E-08
-6.407504E-08
-6.372361E-08
-6.33743E-08
-6.302718E-08
-6.268215E-08
-6.233932E-08
-6.199855E-08
-6.165987E-08
-6.132328E-08
-6.098874E-08
-6.065628E-08
-6.032585E-08
-5.999743E-08
-5.967101E-08
-5.934663E-08
-5.90242E-08
-5.870374E-08
-5.838524E-08
-5.806871E-08
-5.775409E-08
-5.744138E-08
-5.713056E-08
-5.682165E-08
-5.651462E-08
-5.620943E-08
-5.590611E-08
-5.560466E-08
-5.530499E-08
-5.500715E-08
-5.471111E-08
-5.44169E-08
-5.412443E-08
-5.383371E-08
-5.354476E-08
-5.325758E-08
-5.297213E-08
-5.268839E-08
-5.240635E-08
-5.2126E-08
-5.184736E-08
-5.157038E-08
-5.129506E-08
-5.102138E-08
-5.074939E-08
-5.047899E-08
-5.021022E-08
-4.994305E-08
-4.967751E-08
-4.941353E-08
-4.915112E-08
-4.889026E-08
-4.863101E-08
-4.837328E-08
-4.811708E-08
-4.786241E-08
-4.760927E-08
-4.735763E-08
-4.710746E-08
-4.685878E-08
-4.661159E-08
-4.636587E-08
-4.61216E-08
-4.587878E-08
-4.563739E-08
-4.539745E-08
-4.51589E-08
-4.492177E-08
-4.468602E-08
-4.44517E-08
-4.421874E-08
-4.398715E-08
-4.375693E-08
-4.352807E-08
-4.330054E-08
-4.307435E-08
-4.28495E-08
-4.262598E-08
-4.240375E-08
-4.218282E-08
-4.196318E-08
-4.174485E-08
-4.152778E-08
-4.1312E-08
-4.109744E-08
-4.088417E-08
-4.067213E-08
-4.046133E-08
-4.025175E-08
-4.00434E-08
-3.983627E-08
-3.963033E-08
-3.942558E-08
-3.922202E-08
-3.901967E-08
-3.881847E-08
-3.861844E-08
-3.841956E-08
-3.822186E-08
-3.802528E-08
-3.782983E-08
-3.763552E-08
-3.744234E-08
-3.725027E-08
-3.70593E-08
-3.686943E-08
-3.668067E-08
-3.649299E-08
-3.630638E-08
-3.612084E-08
-3.593637E-08
-3.575298E-08
-3.557062E-08
-3.538932E-08
-3.520904E-08
-3.502982E-08
-3.48516E-08
-3.467441E-08
-3.449823E-08
-3.432307E-08
-3.414889E-08
-3.39757E-08
-3.380352E-08
-3.363232E-08
-3.346208E-08
-3.329281E-08
-3.31245E-08
-3.295717E-08
-3.279077E-08
-3.262532E-08
-3.24608E-08
-3.229723E-08
-3.213457E-08
-3.197282E-08
-3.181202E-08
-3.16521E-08
-3.14931E-08
-3.133499E-08
-3.117777E-08
-3.102144E-08
-3.086602E-08
-3.071144E-08
-3.055774E-08
-3.04049E-08
-3.025293E-08
-3.01018E-08
-2.995153E-08
-2.98021E-08
-2.96535E-08
-2.950574E-08
-2.935883E-08
-2.921272E-08
-2.906742E-08
-2.892294E-08
-2.877927E-08
-2.86364E-08
-2.849433E-08
-2.835304E-08
-2.821258E-08
-2.807286E-08
-2.793393E-08
-2.779577E-08
-2.765838E-08
-2.752175E-08
-2.738588E-08
-2.725077E-08
-2.71164E-08
-2.69828E-08
-2.684992E-08
-2.671777E-08
-2.658636E-08
-2.645567E-08
-2.632571E-08
-2.619645E-08
-2.606792E-08
-2.594012E-08
-2.581301E-08
-2.568658E-08
-2.556086E-08
-2.543583E-08
-2.531148E-08
-2.518782E-08
-2.506484E-08
-2.494256E-08
-2.482092E-08
-2.469995E-08
-2.457964E-08
-2.445999E-08
-2.434101E-08
-2.422266E-08
-2.410497E-08
-2.398792E-08
-2.387153E-08
-2.375575E-08
-2.36406E-08
-2.352608E-08
-2.341219E-08
-2.329891E-08
-2.318625E-08
-2.307421E-08
-2.296279E-08
-2.285196E-08
-2.274172E-08
-2.26321E-08
-2.252305E-08
-2.241461E-08
-2.230674E-08
-2.219947E-08
-2.209279E-08
-2.198667E-08
-2.188112E-08
-2.177614E-08
-2.167173E-08
-2.156787E-08
-2.146459E-08
-2.136185E-08
-2.125967E-08
-2.115806E-08
-2.105698E-08
-2.095643E-08
-2.085643E-08
-2.075697E-08
-2.065803E-08
-2.055963E-08
-2.046176E-08
-2.036442E-08
-2.026759E-08
-2.017128E-08
-2.007548E-08
-1.998019E-08
-1.988541E-08
-1.979114E-08
-1.969737E-08
-1.960411E-08
-1.951134E-08
-1.941906E-08
-1.932727E-08
-1.923597E-08
-1.914515E-08
-1.905481E-08
-1.896496E-08
-1.887558E-08
-1.878669E-08
-1.869825E-08
-1.861028E-08
-1.852278E-08
-1.843574E-08
-1.834917E-08
-1.826304E-08
-1.817737E-08
-1.809217E-08
-1.800741E-08
-1.792309E-08
-1.783921E-08
-1.775577E-08
-1.767278E-08
-1.759022E-08
-1.750809E-08
-1.742641E-08
-1.734514E-08
-1.726431E-08
-1.718388E-08
-1.710389E-08
-1.702431E-08
-1.694515E-08
-1.68664E-08
-1.678807E-08
-1.671016E-08
-1.663263E-08
-1.655552E-08
-1.64788E-08
-1.640249E-08
-1.632658E-08
-1.625105E-08
-1.617592E-08
-1.61012E-08
-1.602685E-08
-1.595289E-08
-1.587931E-08
-1.58061E-08
-1.573328E-08
-1.566084E-08
-1.558877E-08
-1.55171E-08
-1.544577E-08
-1.537481E-08
-1.530423E-08
-1.5234E-08
-1.516414E-08
-1.509464E-08
-1.50255E-08
-1.495671E-08
-1.488829E-08
-1.482021E-08
-1.475248E-08
-1.468509E-08
-1.461806E-08
-1.455136E-08
-1.448501E-08
-1.4419E-08
-1.435334E-08
-1.4288E-08
-1.4223E-08
-1.415833E-08
-1.409399E-08
-1.402998E-08
-1.39663E-08
-1.390294E-08
-1.383992E-08
-1.377721E-08
-1.371481E-08
-1.365273E-08
-1.359097E-08
-1.352953E-08
-1.346839E-08
-1.340757E-08
-1.334705E-08
-1.328686E-08
-1.322695E-08
-1.316736E-08
-1.310806E-08
-1.304906E-08
-1.299036E-08
-1.293196E-08
-1.287386E-08
-1.281606E-08
-1.275854E-08
-1.270131E-08
-1.264436E-08
-1.258771E-08
-1.253134E-08
-1.247525E-08
-1.241945E-08
-1.236394E-08
-1.23087E-08
-1.225373E-08
-1.219904E-08
-1.214463E-08
-1.209048E-08
-1.203661E-08
-1.198301E-08
-1.192968E-08
-1.187662E-08
-1.182382E-08
-1.177129E-08
-1.171901E-08
-1.166699E-08
-1.161524E-08
-1.156375E-08
-1.151251E-08
-1.146153E-08
-1.14108E-08
-1.136033E-08
-1.13101E-08
-1.126013E-08
-1.12104E-08
-1.116092E-08
-1.111168E-08
-1.10627E-08
-1.101395E-08
-1.096544E-08
-1.091717E-08
-1.086915E-08
-1.082136E-08
-1.07738E-08
-1.072648E-08
-1.06794E-08
-1.063255E-08
-1.058593E-08
-1.053954E-08
-1.049337E-08
-1.044744E-08
-1.040173E-08
-1.035624E-08
-1.031098E-08
-1.026595E-08
-1.022113E-08
-1.017653E-08
-1.013216E-08
-1.0088E-08
-1.004405E-08
-1.000032E-08
-9.956803E-09
-9.913507E-09
-9.870416E-09
-9.827535E-09
-9.784864E-09
-9.742401E-09
-9.700146E-09
-9.658096E-09
-9.616252E-09
-9.574611E-09
-9.533181E-09
-9.491943E-09
-9.450909E-09
-9.410073E-09
-9.369435E-09
-9.328994E-09
-9.288748E-09
-9.248698E-09
-9.208852E-09
-9.169188E-09
-9.129719E-09
-9.09044E-09
-9.051351E-09
-9.012452E-09
-8.97374E-09
-8.935215E-09
-8.896883E-09
-8.85873E-09
-8.820759E-09
-8.782973E-09
-8.745367E-09
-8.707942E-09
-8.6707E-09
-8.633635E-09
-8.596748E-09
-8.560044E-09
-8.52351E-09
-8.487155E-09
-8.450971E-09
-8.41496E-09
-8.379122E-09
-8.343457E-09
-8.30796E-09
-8.27264E-09
-8.237484E-09
-8.202496E-09
-8.167675E-09
-8.13302E-09
-8.098528E-09
-8.064203E-09
-8.030042E-09
-7.996048E-09
-7.962212E-09
-7.928534E-09
-7.895019E-09
-7.861661E-09
-7.828465E-09
-7.795422E-09
-7.762539E-09
-7.729817E-09
-7.697245E-09
-7.664827E-09
-7.63256E-09
-7.600449E-09
-7.568487E-09
-7.536677E-09
-7.505019E-09
-7.47351E-09
-7.442155E-09
-7.410943E-09
-7.379878E-09
-7.348958E-09
-7.318185E-09
-7.287555E-09
-7.257072E-09
-7.22673E-09
-7.196538E-09
-7.16648E-09
-7.136564E-09
-7.106791E-09
-7.077154E-09
-7.047658E-09
-7.018301E-09
-6.98908E-09
-6.960001E-09
-6.931054E-09
-6.902242E-09
-6.873564E-09
-6.845019E-09
-6.816609E-09
-6.78833E-09
-6.760184E-09
-6.73217E-09
-6.704291E-09
-6.676537E-09
-6.648912E-09
-6.621414E-09
-6.594045E-09
-6.566805E-09
-6.539691E-09
-6.512701E-09
-6.485842E-09
-6.459102E-09
-6.432486E-09
-6.405995E-09
-6.379626E-09
-6.353378E-09
-6.327252E-09
-6.301247E-09
-6.275367E-09
-6.249601E-09
-6.223954E-09
-6.198427E-09
-6.173015E-09
-6.147722E-09
-6.122547E-09
-6.097485E-09
-6.07254E-09
-6.047714E-09
-6.022997E-09
-5.998395E-09
-5.973904E-09
-5.949526E-09
-5.925261E-09
-5.901106E-09
-5.877063E-09
-5.853134E-09
-5.829311E-09
-5.805596E-09
-5.781989E-09
-5.758491E-09
-5.7351E-09
-5.711815E-09
-5.688636E-09
-5.665569E-09
-5.642603E-09
-5.619739E-09
-5.596981E-09
-5.574326E-09
-5.551775E-09
-5.529326E-09
-5.50698E-09
-5.484735E-09
-5.462594E-09
-5.440551E-09
-5.418607E-09
-5.396763E-09
-5.375018E-09
-5.35337E-09
-5.331823E-09
-5.310371E-09
-5.289022E-09
-5.267765E-09
-5.246602E-09
-5.225536E-09
-5.204567E-09
-5.183689E-09
-5.162909E-09
-5.14222E-09
-5.121628E-09
-5.101128E-09
-5.080716E-09
-5.060398E-09
-5.040171E-09
-5.020035E-09
-4.999989E-09
