0
0
0
0
0
0
0
0
0
0
0
0
0
0
0
0
0
0
0
0
0
0
0
0.0002218603
0.01397336
0.04828355
0.04195688
0.02104216
0.008785129
0.005011669
0.003104122
0.00221037
0.001858604
0.001649038
0.001682876
0.002197464
0.002390331
0.002442761
0.00259116
0.00260749
0.00396254
0.006704954
0.009723768
0.01092041
0.0102488
0.008689925
0.007214959
0.005784343
0.005465774
0.006166459
0.007487657
0.007722439
0.00666124
0.004781691
0.00357355
0.002776572
0.002433403
0.002140624
0.002379835
0.002708289
0.003147357
0.003645484
0.004256099
0.004859024
0.005520472
0.005936674
0.005985647
0.005713695
0.005098969
0.004490761
0.003965204
0.003519166
0.003126099
0.003158663
0.003118698
0.003129987
0.002869366
0.002636149
0.002490621
0.002174529
0.001909924
0.001796229
0.001695762
0.001810935
0.001784615
0.001884804
0.001822407
0.001655152
0.001515603
0.001351812
0.001199635
0.001020346
0.0008247549
0.0006662256
0.000555416
0.0004942361
0.0004232083
0.000379888
0.0003131636
0.0002620593
0.0002517614
0.0002497482
0.0002422062
0.00023262
0.000193588
0.0001560493
0.0001237093
9.82104E-05
5.959608E-05
3.560388E-05
1.923853E-05
1.158679E-05
7.190003E-06
2.256429E-06
1.041148E-06
2.110526E-07
0
0
0
0
0
0
0
0
0
0
0
0
0
0
0
0
0
0
0
0
0
0
0
0
0
0
0
0
0
0
0
0
0
0
0
0
0
0
0
0
0
0
0
0
0
0
0
0
0
0
0
0
0
0
0
0
0
0
0
0
0
0
0
0
0
0
0
0
0
0
0
0
0
0
0
0
0
0
0
0
0
0
0
0
0
0
0
0
0
0
0
0
0
0
0
0
0
0
0
0
0
0
0
0
0
0
0
0
0
0
0
0
0
0
0
0
0
0
0
0
0
0
0
0
0
0
0
0
0
0
0
0
0
0
0
0
0
0
0
0
0
0
0
0
0
0
0
0
0
0
0
0
0
0
0
0
0
0
0
0
0
0
0
0
0
0
0
0
0
0
0
0
0
0
0
0
0
0
0
0
0
0
0
0
0
0
0
0
0
0
0
0
0
0
0
0
0
0
0
0
0
0
0
0
0
0
0
0
0
0
0
0
0
0
0
0
0
0
0
0
0
0
0
0
0
0
0
0
0
0
0
0
0
0
0
0
0
0
0
0
0
0
0
0
0
0
0
0
0
0
0
0
0
0
0