-1.5    0    0
1.5    0    0
-1.466087    0    0
1.489059    0    0
-1.401177    0    0
1.468117    0    0
-1.3099    0    0
1.438669    0    0
-1.194837    0    0
1.401546    0    0
-1.061123    0    0
1.358407    0    0
-0.9223585    0    0
1.313637    0    0
-0.8106136    0    0
1.277585    0    0
-0.7747936    0    0
1.266028    0    0
-0.8598981    0    0
1.293483    0    0
-1.001393    0    0
1.339133    0    0
-1.151597    0    0
1.387592    0    0
-1.28949    0    0
1.432079    0    0
-1.408744    0    0
1.470553    0    0
-1.508593    0    0
1.502767    0    0
-1.59018    0    0
1.529089    0    0
-1.655343    0    0
1.550111    0    0
-1.706288    0    0
1.566546    0    0
-1.745581    0    0
1.579223    0    0
-1.776157    0    0
1.589086    0    0
-1.801065    0    0
1.597122    0    0
-1.822906    0    0
1.604168    0    0
-1.843398    0    0
1.610778    0    0
-1.863456    0    0
1.617244    0    0
-1.883497    0    0
1.623696    0    0
-1.903708    0    0
1.630184    0    0
-1.92417    0    0
1.63671    0    0
-1.944923    0    0
1.643231    0    0
-1.965987    0    0
1.649634    0    0
-1.987374    0    0
1.655664    0    0
-2.009092    0    0
1.660788    0    0
-2.03114    0    0
1.663911    0    0
-2.053511    0    0
1.662847    0    0
-2.076172    0    0
1.65329    0    0
-2.099053    0    0
1.626834    0    0
-2.122009    0    0
1.566973    0    0
-2.144736    0    0
1.440103    0    0
-2.166576    0    0
1.170866    0    0
-2.186169    0    0
0.5439863    0    0
-2.265889    0    0
-0.9044509    0    0
-2.583807    0    0
-0.9504638    0    0
-2.813473    0    0
-0.8772211    0    0
-3.019214    0    0
-0.811079    0    0
-3.217939    0    0
-0.7471476    0    0
-3.40669    0    0
-0.68643    0    0
-3.575823    0    0
-0.6320429    0    0
-3.724082    0    0
-0.5843916    0    0
-3.852992    0    0
-0.542985    0    0
-3.964602    0    0
-0.507163    0    0
-4.060913    0    0
-0.4762812    0    0
-4.143793    0    0
-0.4497404    0    0
-4.214981    0    0
-0.426981    0    0
-4.276155    0    0
-0.4074717    0    0
-4.328938    0    0
-0.3906965    0    0
-4.374925    0    0
-0.3761539    0    0
-4.415645    0    0
-0.3633752    0    0
-4.452497    0    0
-0.3519425    0    0
-4.4867    0    0
-0.3415217    0    0
-4.519214    0    0
-0.3318872    0    0
-4.55076    0    0
-0.3229375    0    0
-4.581841    0    0
-0.3146968    0    0
-4.612795    0    0
-0.3073316    0    0
-4.643848    0    0
-0.3011594    0    0
-4.675146    0    0
-0.2966862    0    0
-4.706769    0    0
-0.2946463    0    0
-4.738765    0    0
-0.2960768    0    0
-4.771152    0    0
-0.3024077    0    0
-4.803925    0    0
-0.3155904    0    0
-4.837048    0    0
-0.3382745    0    0
-4.870457    0    0
-0.3740654    0    0
-4.90406    0    0
-0.4278994    0    0
-4.937714    0    0
-0.5066371    0    0
-4.971197    0    0
-0.6200733    0    0
-4.995692    0    0
-0.7827864    0    0
-4.949604    0    0
-1.002245    0    0
-4.882713    0    0
-1.255476    0    0
-4.794792    0    0
-1.529708    0    0
-4.684105    0    0
-1.819232    0    0
-4.550604    0    0
-2.120508    0    0
-4.418995    0    0
-2.423988    0    0
-4.523258    0    0
-3.17529    0    0
-4.817537    0    0
-3.12106    0    0
-4.963676    0    0
-3.049763    0    0
-4.907583    0    0
-2.889049    0    0
-4.986823    0    0
-2.458936    0    0
-4.92189    0    0
-2.010828    0    0
-4.807049    0    0
-1.556525    0    0
-4.670476    0    0
-1.101551    0    0
-4.515604    0    0
-0.6480694    0    0
-4.345299    0    0
-0.1970334    0    0
-4.161798    0    0
0.2510872    0    0
-3.966927    0    0
0.6958733    0    0
-3.768057    0    0
1.124152    0    0
-3.569248    0    0
1.530161    0    0
-3.370489    0    0
1.916587    0    0
-3.17177    0    0
2.285548    0    0
-2.973085    0    0
2.638742    0    0
-2.774427    0    0
2.977565    0    0
-2.575792    0    0
3.303174    0    0
-2.377177    0    0
3.616545    0    0
-2.17858    0    0
3.91851    0    0
-1.979996    0    0
4.209783    0    0
-1.781424    0    0
4.490981    0    0
-1.582864    0    0
4.762657    0    0
-1.38431    0    0
4.974728    0    0
-1.185726    0    0
4.719032    0    0
-0.9870729    0    0
4.469209    0    0
-0.7883306    0    0
4.226025    0    0
-0.5894737    0    0
3.990389    0    0
-0.3904696    0    0
3.763366    0    0
-0.1912751    0    0
3.546204    0    0
0.008158684    0    0
3.340311    0    0
0.20785    0    0
3.147055    0    0
0.4075413    0    0
2.966812    0    0
0.6047468    0    0
2.795568    0    0
0.7480826    0    0
2.642065    0    0
0.6208062    0    0
2.296515    0    0
0.389935    0    0
2.278783    0    0
0.1815009    0    0
2.324997    0    0
-0.01843023    0    0
2.375187    0    0
-0.2116871    0    0
2.423776    0    0
-0.3874807    0    0
2.466714    0    0
-0.5423322    0    0
2.502832    0    0
-0.677022    0    0
2.532329    0    0
-0.793335    0    0
2.555687    0    0
-0.8931794    0    0
2.573392    0    0
-0.9783788    0    0
2.585845    0    0
-1.050663    0    0
2.593311    0    0
-1.111719    0    0
2.59587    0    0
-1.163221    0    0
2.593287    0    0
-1.206866    0    0
2.584795    0    0
-1.244342    0    0
2.568604    0    0
-1.277235    0    0
2.541012    0    0
-1.306885    0    0
2.494728    0    0
-1.334262    0    0
2.415594    0    0
-1.359861    0    0
2.275465    0    0
-1.383595    0    0
2.013279    0    0
-1.404525    0    0
1.464326    0    0
-1.440932    0    0
0.1508698    0    0
-1.754366    0    0
-0.1768532    0    0
-1.991863    0    0
-0.1018753    0    0
-2.199771    0    0
-0.03511953    0    0
-2.399243    0    0
0.02900791    0    0
-2.590534    0    0
0.09050179    0    0
-2.76308    0    0
0.145947    0    0
-2.91466    0    0
0.1946282    0    0
-3.046578    0    0
0.2369642    0    0
-3.160855    0    0
0.2736034    0    0
-3.259512    0    0
0.3051987    0    0
-3.34444    0    0
0.332356    0    0
-3.417398    0    0
0.3556399    0    0
-3.480071    0    0
0.3755841    0    0
-3.534088    0    0
0.3927054    0    0
-3.581049    0    0
0.4075041    0    0
-3.622499    0    0
0.4204516    0    0
-3.659867    0    0
0.4319682    0    0
-3.694399    0    0
0.4423904    0    0
-3.727102    0    0
0.4519444    0    0
-3.758738    0    0
0.4607258    0    0
-3.789837    0    0
0.4686861    0    0
-3.820768    0    0
0.4756212    0    0
-3.851763    0    0
0.4811497    0    0
-3.882976    0    0
0.4846725    0    0
-3.91449    0    0
0.4853129    0    0
-3.946355    0    0
0.4818397    0    0
-3.978588    0    0
0.4725428    0    0
-4.011175    0    0
0.4550738    0    0
-4.044073    0    0
0.4262142    0    0
-4.077202    0    0
0.3815384    0    0
-4.110449    0    0
0.3148861    0    0
-4.143617    0    0
0.2175107    0    0
-4.176428    0    0
0.07653236    0    0
-4.208456    0    0
-0.1281414    0    0
-4.238995    0    0
-0.4309831    0    0
-4.266803    0    0
-0.902071    0    0
-4.289822    0    0
-1.741214    0    0
-4.421259    0    0
-3.06846    0    0
-4.716501    0    0
-3.024556    0    0
-4.939388    0    0
-2.953471    0    0
-4.886143    0    0
-2.880202    0    0
-4.830578    0    0
-2.761476    0    0
-4.855989    0    0
-0.3679557    0    0
-4.886005    0    0
3.698709    0    0
-4.918262    0    0
0.3968892    0    0
-4.756321    0    0
-4.77162    0    0
-4.804353    0    0
-4.788151    0    0
-4.802584    0    0
-4.81815    0    0
-4.857243    0    0
-4.836695    0    0
-4.827875    0    0
-4.84808    0    0
-4.860106    0    0
-4.839386    0    0
-4.83025    0    0
-4.850487    0    0
-4.862078    0    0
-4.841496    0    0
-4.832046    0    0
-4.852291    0    0
-4.86365    0    0
-4.843063    0    0
-4.833399    0    0
-4.853661    0    0
-4.86482    0    0
-4.844259    0    0
-4.834425    0    0
-4.854704    0    0
-4.865698    0    0
-4.845172    0    0
-4.835205    0    0
-4.855499    0    0
-4.866381    0    0
-4.845873    0    0
-4.835805    0    0
-4.856112    0    0
-4.8669    0    0
-4.846409    0    0
-4.836257    0    0
-4.85658    0    0
-4.867289    0    0
-4.846817    0    0
-4.836602    0    0
-4.856935    0    0
-4.867586    0    0
-4.84713    0    0
-4.836868    0    0
-4.857208    0    0
-4.867819    0    0
-4.847372    0    0
-4.837073    0    0
-4.857422    0    0
-4.867995    0    0
-4.847559    0    0
-4.837227    0    0
-4.857586    0    0
-4.868132    0    0
-4.847702    0    0
-4.837345    0    0
-4.857713    0    0
-4.868239    0    0
-4.847815    0    0
-4.837437    0    0
-4.857809    0    0
-4.868319    0    0
-4.847898    0    0
-4.837509    0    0
-4.857882    0    0
-4.868379    0    0
-4.847964    0    0
-4.837562    0    0
-4.857942    0    0
-4.868422    0    0
-4.848013    0    0
-4.8376    0    0
-4.857985    0    0
-4.868464    0    0
-4.848053    0    0
-4.837635    0    0
-4.858019    0    0
-4.868489    0    0
-4.848084    0    0
-4.837656    0    0
-4.858049    0    0
-4.868506    0    0
-4.84811    0    0
-4.837673    0    0
-4.85807    0    0
-4.868532    0    0
-4.848125    0    0
-4.837689    0    0
-4.858083    0    0
-4.868534    0    0
-4.848139    0    0
-4.837702    0    0
-4.858093    0    0
-4.868546    0    0
-4.848149    0    0
-4.837708    0    0
-4.858103    0    0
-4.868551    0    0
-4.848152    0    0
-4.837711    0    0
-4.858109    0    0
-4.868557    0    0
-4.848158    0    0
-4.837713    0    0
-4.858111    0    0
-4.868558    0    0
-4.848164    0    0
-4.837721    0    0
-4.858114    0    0
-4.868565    0    0
-4.848164    0    0
-4.83772    0    0
-4.858116    0    0
-4.868565    0    0
-4.848166    0    0
-4.837721    0    0
-4.858116    0    0
-4.868563    0    0
-4.848166    0    0
-4.837724    0    0
-4.858119    0    0
-4.868567    0    0
-4.848167    0    0
-4.837724    0    0
-4.85812    0    0
-4.868565    0    0
-4.848169    0    0
-4.837729    0    0
-4.858122    0    0
-4.86857    0    0
-4.848171    0    0
-4.837728    0    0
-4.858121    0    0
-4.86857    0    0
-4.848173    0    0
-4.837725    0    0
-4.858124    0    0
-4.868569    0    0
-4.848173    0    0
-4.837729    0    0
-4.858125    0    0
-4.868574    0    0
-4.848173    0    0
-4.837727    0    0
-4.858123    0    0
-4.868568    0    0
-4.848175    0    0
-4.837726    0    0
-4.858126    0    0
-4.86857    0    0
-4.848174    0    0
-4.83773    0    0
-4.858126    0    0
-4.868572    0    0
-4.848177    0    0
-4.837732    0    0
-4.858126    0    0
-4.868574    0    0
-4.848175    0    0
-4.837733    0    0
-4.858126    0    0
-4.868572    0    0
-4.848176    0    0
-4.837734    0    0
-4.858125    0    0
-4.868571    0    0
-4.848175    0    0
-4.83773    0    0
-4.858126    0    0
-4.868574    0    0
-4.848175    0    0
-4.83773    0    0
-4.858129    0    0
-4.868576    0    0
-4.848177    0    0
-4.83773    0    0
-4.85813    0    0
-4.868578    0    0
-4.848179    0    0
-4.837729    0    0
-4.85813    0    0
-4.868572    0    0
-4.848177    0    0
-4.837732    0    0
-4.85813    0    0
-4.868576    0    0
-4.848181    0    0
-4.837743    0    0
-4.858132    0    0
-4.868582    0    0
-4.848183    0    0
-4.837734    0    0
-4.858131    0    0
-4.868577    0    0
-4.848181    0    0
-4.837732    0    0
-4.858131    0    0
-4.86858    0    0
-4.848182    0    0
-4.837738    0    0
-4.858131    0    0
-4.868579    0    0
-4.848181    0    0
-4.837739    0    0
-4.85813    0    0
-4.868579    0    0
-4.848181    0    0
-4.837732    0    0
-4.858132    0    0
-4.868583    0    0
-4.848178    0    0
-4.837734    0    0
-4.85813    0    0
-4.868575    0    0
-4.848179    0    0
-4.837734    0    0
-4.85813    0    0
-4.868572    0    0
-4.848179    0    0
-4.837732    0    0
-4.85813    0    0
-4.868575    0    0
-4.848182    0    0
-4.837734    0    0
-4.858131    0    0
-4.86858    0    0
-4.848182    0    0
-4.837738    0    0
-4.858133    0    0
-4.868586    0    0
-4.848179    0    0
-4.837736    0    0
-4.858128    0    0
-4.868573    0    0
-4.848175    0    0
-4.837734    0    0
-4.858127    0    0
-4.86857    0    0
-4.848177    0    0
-4.837729    0    0
-4.858128    0    0
-4.868572    0    0
-4.848176    0    0
-4.837723    0    0
-4.85813    0    0
-4.868573    0    0
-4.84818    0    0
-4.837735    0    0
-4.858129    0    0
-4.868578    0    0
-4.848179    0    0
-4.837736    0    0
-4.858131    0    0
-4.868576    0    0
-4.848183    0    0
-4.837736    0    0
-4.858131    0    0
-4.868571    0    0
-4.848182    0    0
-4.837732    0    0
-4.85813    0    0
-4.868576    0    0
-4.84818    0    0
-4.837733    0    0
-4.85813    0    0
-4.868576    0    0
-4.848181    0    0
-4.837736    0    0
-4.85813    0    0
-4.86858    0    0
-4.848181    0    0
-4.837734    0    0
-4.858133    0    0
-4.86858    0    0
-4.848183    0    0
-4.837734    0    0
-4.858133    0    0
-4.868578    0    0
-4.848183    0    0
-4.837736    0    0
-4.858134    0    0
-4.868582    0    0
-4.848185    0    0
-4.837743    0    0
-4.858138    0    0
-4.868586    0    0
-4.848185    0    0
-4.837736    0    0
-4.858135    0    0
-4.868581    0    0
-4.848185    0    0
-4.83774    0    0
-4.858135    0    0
-4.868583    0    0
-4.848185    0    0
-4.837742    0    0
-4.858135    0    0
-4.868582    0    0
-4.848185    0    0
-4.83774    0    0
-4.858135    0    0
-4.868581    0    0
-4.848186    0    0
-4.837738    0    0
-4.858133    0    0
-4.868583    0    0
-4.848183    0    0
-4.837738    0    0
-4.858132    0    0
-4.868577    0    0
-4.848184    0    0
-4.837734    0    0
-4.858133    0    0
-4.86858    0    0
-4.848183    0    0
-4.837739    0    0
-4.858134    0    0
-4.868584    0    0
-4.848185    0    0
-4.837738    0    0
-4.858136    0    0
-4.868584    0    0
-4.848186    0    0
-4.83774    0    0
-4.858135    0    0
-4.86858    0    0
-4.848184    0    0
-4.837736    0    0
-4.858131    0    0
-4.86858    0    0
-4.848179    0    0
-4.837733    0    0
-4.85813    0    0
-4.868576    0    0
-4.848181    0    0
-4.837732    0    0
-4.858131    0    0
-4.868574    0    0
-4.848181    0    0
-4.837736    0    0
-4.858132    0    0
-4.868582    0    0
-4.848183    0    0
-4.837738    0    0
-4.858133    0    0
-4.868578    0    0
-4.848185    0    0
-4.83774    0    0
-4.858135    0    0
-4.86858    0    0
-4.848186    0    0
-4.83774    0    0
-4.858135    0    0
-4.868577    0    0
-4.848185    0    0
-4.837736    0    0
-4.858133    0    0
-4.868581    0    0
-4.848183    0    0
-4.837736    0    0
-4.858134    0    0
-4.868581    0    0
-4.848185    0    0
-4.837742    0    0
-4.858135    0    0
-4.868584    0    0
-4.848185    0    0
-4.83774    0    0
-4.858138    0    0
-4.868584    0    0
-4.848186    0    0
-4.837738    0    0
-4.858135    0    0
-4.868585    0    0
-4.848186    0    0
-4.837744    0    0
-4.858137    0    0
-4.868593    0    0
-4.848188    0    0
-4.837748    0    0
-4.858141    0    0
-4.868588    0    0
-4.848188    0    0
-4.83774    0    0
-4.858139    0    0
-4.868585    0    0
-4.848188    0    0
-4.837741    0    0
-4.858141    0    0
-4.868587    0    0
-4.848188    0    0
-4.837746    0    0
-4.858139    0    0
-4.868589    0    0
-4.848187    0    0
-4.837746    0    0
-4.858139    0    0
-4.868586    0    0
-4.848187    0    0
-4.837742    0    0
-4.858138    0    0
-4.868584    0    0
-4.848186    0    0
-4.837738    0    0
-4.858137    0    0
-4.868585    0    0
-4.848187    0    0
-4.837738    0    0
-4.858137    0    0
-4.868583    0    0
-4.848186    0    0
-4.837745    0    0
-4.858138    0    0
-4.868586    0    0
-4.848188    0    0
-4.837746    0    0
-4.858139    0    0
-4.868587    0    0
-4.84819    0    0
-4.837747    0    0
-4.858139    0    0
-4.868586    0    0
-4.848186    0    0
-4.83774    0    0
-4.858133    0    0
-4.868584    0    0
-4.848185    0    0
-4.837736    0    0
-4.858135    0    0
-4.868582    0    0
-4.848185    0    0
-4.837735    0    0
-4.858135    0    0
-4.868576    0    0
-4.848185    0    0
-4.837739    0    0
-4.858137    0    0
-4.868586    0    0
-4.848186    0    0
-4.837741    0    0
-4.858137    0    0
-4.868587    0    0
-4.848188    0    0
-4.837743    0    0
-4.858141    0    0
-4.868583    0    0
-4.84819    0    0
-4.837736    0    0
-4.858141    0    0
-4.868586    0    0
-4.848186    0    0
-4.837742    0    0
-4.858137    0    0
-4.868584    0    0
-4.848186    0    0
-4.837743    0    0
-4.858137    0    0
-4.868587    0    0
-4.848187    0    0
-4.837746    0    0
-4.858139    0    0
-4.868591    0    0
-4.848188    0    0
-4.837746    0    0
-4.858141    0    0
-4.868587    0    0
-4.84819    0    0
-4.837744    0    0
-4.858139    0    0
-4.868587    0    0
-4.84819    0    0
-4.837749    0    0
-4.858141    0    0
-4.868591    0    0
-4.848195    0    0
-4.837749    0    0
-4.858145    0    0
-4.868589    0    0
-4.848192    0    0
-4.837744    0    0
-4.858143    0    0
-4.868587    0    0
-4.848193    0    0
-4.837749    0    0
-4.858143    0    0
-4.86859    0    0
-4.848192    0    0
-4.837752    0    0
-4.858141    0    0
-4.868591    0    0
-4.848192    0    0
-4.837748    0    0
-4.858143    0    0
-4.868586    0    0
-4.848192    0    0
-4.837749    0    0
-4.85814    0    0
-4.868584    0    0
-4.84819    0    0
-4.837744    0    0
-4.858141    0    0
-4.868586    0    0
-4.84819    0    0
-4.837742    0    0
-4.858141    0    0
-4.868589    0    0
-4.84819    0    0
-4.837746    0    0
-4.858143    0    0
-4.868588    0    0
-4.848192    0    0
-4.837751    0    0
-4.858143    0    0
-4.868593    0    0
-4.848192    0    0
-4.837748    0    0
-4.858142    0    0
-4.868587    0    0
-4.848188    0    0
-4.837745    0    0
-4.858135    0    0
-4.868582    0    0
-4.848188    0    0
-4.837742    0    0
-4.858138    0    0
-4.868585    0    0
-4.848188    0    0
-4.83774    0    0
-4.858138    0    0
-4.868584    0    0
-4.848189    0    0
-4.837744    0    0
-4.858141    0    0
-4.868584    0    0
-4.848192    0    0
-4.837748    0    0
-4.858141    0    0
-4.86859    0    0
-4.848192    0    0
-4.837749    0    0
-4.858143    0    0
-4.868586    0    0
-4.848193    0    0
-4.837746    0    0
-4.858143    0    0
-4.868587    0    0
-4.84819    0    0
-4.837747    0    0
-4.858142    0    0
-4.868587    0    0
-4.84819    0    0
-4.837743    0    0
-4.858143    0    0
-4.868591    0    0
-4.848192    0    0
-4.83775    0    0
-4.858143    0    0
-4.868591    0    0
-4.848194    0    0
-4.837749    0    0
-4.858145    0    0
-4.868587    0    0
-4.848194    0    0
-4.83775    0    0
-4.858143    0    0
-4.868593    0    0
-4.848194    0    0
-4.837751    0    0
-4.858148    0    0
-4.868597    0    0
-4.848198    0    0
-4.837755    0    0
-4.858146    0    0
-4.868591    0    0
-4.848197    0    0
-4.83775    0    0
-4.858147    0    0
-4.868595    0    0
-4.848196    0    0
-4.837754    0    0
-4.858145    0    0
-4.868593    0    0
-4.848198    0    0
-4.837755    0    0
-4.858145    0    0
-4.868589    0    0
-4.848197    0    0
-4.83775    0    0
-4.858147    0    0
-4.868587    0    0
-4.848196    0    0
-4.837749    0    0
-4.858145    0    0
-4.868591    0    0
-4.848194    0    0
-4.837748    0    0
-4.858147    0    0
-4.868589    0    0
-4.848195    0    0
-4.837748    0    0
-4.858145    0    0
-4.868596    0    0
-4.848194    0    0
-4.83775    0    0
-4.858147    0    0
-4.868594    0    0
-4.848196    0    0
-4.837755    0    0
-4.858149    0    0
-4.868596    0    0
-4.848196    0    0
-4.837749    0    0
-4.858145    0    0
-4.868591    0    0
-4.84819    0    0
-4.837747    0    0
-4.858143    0    0
-4.868589    0    0
-4.848191    0    0
-4.837746    0    0
-4.858143    0    0
-4.868586    0    0
-4.848192    0    0
-4.837744    0    0
-4.858142    0    0
-4.868587    0    0
-4.848194    0    0
-4.837749    0    0
-4.858145    0    0
-4.868593    0    0
-4.848193    0    0
-4.83775    0    0
-4.858147    0    0
-4.868591    0    0
-4.848198    0    0
-4.837749    0    0
-4.858149    0    0
-4.868593    0    0
-4.848197    0    0
-4.837748    0    0
-4.858147    0    0
-4.86859    0    0
-4.848194    0    0
-4.837749    0    0
-4.858145    0    0
-4.868593    0    0
-4.848194    0    0
-4.837749    0    0
-4.858148    0    0
-4.868595    0    0
-4.848196    0    0
-4.837749    0    0
-4.858149    0    0
-4.868597    0    0
-4.848198    0    0
-4.837748    0    0
-4.858149    0    0
-4.868591    0    0
-4.848196    0    0
-4.837751    0    0
-4.858149    0    0
-4.868595    0    0
-4.8482    0    0
-4.837762    0    0
-4.858151    0    0
-4.868601    0    0
-4.848202    0    0
-4.837753    0    0
-4.85815    0    0
-4.868596    0    0
-4.8482    0    0
-4.837751    0    0
-4.85815    0    0
-4.868599    0    0
-4.848201    0    0
-4.837757    0    0
-4.85815    0    0
-4.868598    0    0
-4.8482    0    0
-4.837758    0    0
-4.858149    0    0
-4.868598    0    0
-4.8482    0    0
-4.837751    0    0
-4.858151    0    0
-4.868602    0    0
-4.848197    0    0
-4.837753    0    0
-4.858149    0    0
-4.868594    0    0
-4.848198    0    0
-4.837753    0    0
-4.858149    0    0
-4.868591    0    0
-4.848198    0    0
-4.837751    0    0
-4.85815    0    0
-4.868594    0    0
-4.848201    0    0
-4.837753    0    0
-4.85815    0    0
-4.868599    0    0
-4.848201    0    0
-4.837757    0    0
-4.858152    0    0
-4.868605    0    0
-4.848198    0    0
-4.837755    0    0
-4.858147    0    0
-4.868592    0    0
-4.848194    0    0
-4.837753    0    0
-4.858146    0    0
-4.868589    0    0
-4.848196    0    0
-4.837749    0    0
-4.858147    0    0
-4.868591    0    0
-4.848195    0    0
-4.837742    0    0
-4.858149    0    0
-4.868592    0    0
-4.848199    0    0
-4.837754    0    0
-4.858148    0    0
-4.868597    0    0
-4.848198    0    0
-4.837755    0    0
-4.85815    0    0
-4.868595    0    0
-4.848202    0    0
-4.837755    0    0
-4.85815    0    0
-4.86859    0    0
-4.848201    0    0
-4.837751    0    0
-4.858149    0    0
-4.868595    0    0
-4.848199    0    0
-4.837752    0    0
-4.858149    0    0
-4.868595    0    0
-4.8482    0    0
-4.837755    0    0
-4.85815    0    0
-4.868599    0    0
-4.8482    0    0
-4.837753    0    0
-4.858152    0    0
-4.868599    0    0
-4.848202    0    0
-4.837753    0    0
-4.858152    0    0
-4.868597    0    0
-4.848202    0    0
-4.837755    0    0
-4.858153    0    0
-4.868601    0    0
-4.848204    0    0
-4.837762    0    0
-4.858157    0    0
-4.868605    0    0
-4.848204    0    0
-4.837755    0    0
-4.858154    0    0
-4.8686    0    0
-4.848204    0    0
-4.837759    0    0
-4.858154    0    0
-4.868602    0    0
-4.848204    0    0
-4.837761    0    0
-4.858154    0    0
-4.868601    0    0
-4.848204    0    0
-4.837759    0    0
-4.858154    0    0
-4.8686    0    0
-4.848205    0    0
-4.837757    0    0
-4.858152    0    0
-4.868602    0    0
-4.848202    0    0
-4.837757    0    0
-4.858151    0    0
-4.868596    0    0
-4.848203    0    0
-4.837753    0    0
-4.858152    0    0
-4.868599    0    0
-4.848202    0    0
-4.837758    0    0
-4.858153    0    0
-4.868603    0    0
-4.848204    0    0
-4.837757    0    0
-4.858155    0    0
-4.868603    0    0
-4.848206    0    0
-4.837759    0    0
-4.858154    0    0
-4.868599    0    0
-4.848203    0    0
-4.837755    0    0
-4.85815    0    0
-4.868599    0    0
-4.848198    0    0
-4.837752    0    0
-4.85815    0    0
-4.868595    0    0
-4.8482    0    0
-4.837751    0    0
-4.85815    0    0
-4.868593    0    0
-4.8482    0    0
-4.837755    0    0
-4.858151    0    0
-4.868601    0    0
-4.848202    0    0
-4.837757    0    0
-4.858152    0    0
-4.868597    0    0
-4.848204    0    0
-4.837759    0    0
-4.858154    0    0
-4.868599    0    0
-4.848206    0    0
-4.837759    0    0
-4.858154    0    0
-4.868596    0    0
-4.848204    0    0
-4.837755    0    0
-4.858152    0    0
-4.8686    0    0
-4.848202    0    0
-4.837755    0    0
-4.858153    0    0
-4.8686    0    0
-4.848204    0    0
-4.837761    0    0
-4.858154    0    0
-4.868603    0    0
-4.848204    0    0
-4.837759    0    0
-4.858157    0    0
-4.868603    0    0
-4.848205    0    0
-4.837757    0    0
-4.858154    0    0
-4.868604    0    0
-4.848206    0    0
-4.837763    0    0
-4.858156    0    0
-4.868612    0    0
-4.848207    0    0
-4.837767    0    0
-4.85816    0    0
-4.868608    0    0
-4.848207    0    0
-4.837759    0    0
-4.858158    0    0
-4.868604    0    0
-4.848207    0    0
-4.83776    0    0
-4.85816    0    0
-4.868607    0    0
-4.848207    0    0
-4.837765    0    0
-4.858158    0    0
-4.868608    0    0
-4.848207    0    0
-4.837765    0    0
-4.858158    0    0
-4.868605    0    0
-4.848207    0    0
-4.837761    0    0
-4.858157    0    0
-4.868603    0    0
-4.848206    0    0
-4.837757    0    0
-4.858156    0    0
-4.868604    0    0
-4.848207    0    0
-4.837757    0    0
-4.858156    0    0
-4.868602    0    0
-4.848206    0    0
-4.837764    0    0
-4.858157    0    0
-4.868605    0    0
-4.848207    0    0
-4.837765    0    0
-4.858158    0    0
-4.868607    0    0
-4.848209    0    0
-4.837766    0    0
-4.858158    0    0
-4.868605    0    0
-4.848205    0    0
-4.837759    0    0
-4.858152    0    0
-4.868603    0    0
-4.848204    0    0
-4.837755    0    0
-4.858154    0    0
-4.868601    0    0
-4.848204    0    0
-4.837754    0    0
-4.858154    0    0
-4.868595    0    0
-4.848204    0    0
-4.837758    0    0
-4.858156    0    0
-4.868605    0    0
-4.848206    0    0
-4.83776    0    0
-4.858156    0    0
-4.868607    0    0
-4.848207    0    0
-4.837762    0    0
-4.85816    0    0
-4.868602    0    0
-4.848209    0    0
-4.837755    0    0
-4.85816    0    0
-4.868605    0    0
-4.848206    0    0
-4.837761    0    0
-4.858156    0    0
-4.868603    0    0
-4.848206    0    0
-4.837762    0    0
-4.858156    0    0
-4.868607    0    0
-4.848207    0    0
-4.837765    0    0
-4.858158    0    0
-4.86861    0    0
-4.848207    0    0
-4.837765    0    0
-4.85816    0    0
-4.868607    0    0
-4.848209    0    0
-4.837763    0    0
-4.858158    0    0
-4.868607    0    0
-4.848209    0    0
-4.837768    0    0
-4.85816    0    0
-4.86861    0    0
-4.848214    0    0
-4.837769    0    0
-4.858164    0    0
-4.868608    0    0
-4.848211    0    0
-4.837763    0    0
-4.858162    0    0
-4.868606    0    0
-4.848212    0    0
-4.837769    0    0
-4.858162    0    0
-4.868609    0    0
-4.848211    0    0
-4.837771    0    0
-4.85816    0    0
-4.86861    0    0
-4.848211    0    0
-4.837767    0    0
-4.858162    0    0
-4.868605    0    0
-4.848211    0    0
-4.837769    0    0
-4.858159    0    0
-4.868603    0    0
-4.848209    0    0
-4.837763    0    0
-4.85816    0    0
-4.868605    0    0
-4.848209    0    0
-4.837761    0    0
-4.85816    0    0
-4.868608    0    0
-4.848209    0    0
-4.837765    0    0
-4.858162    0    0
-4.868608    0    0
-4.848211    0    0
-4.83777    0    0
-4.858162    0    0
-4.868612    0    0
-4.848211    0    0
-4.837767    0    0
-4.858161    0    0
-4.868607    0    0
-4.848207    0    0
-4.837764    0    0
-4.858154    0    0
-4.868601    0    0
-4.848207    0    0
-4.837761    0    0
-4.858157    0    0
-4.868604    0    0
-4.848207    0    0
-4.837759    0    0
-4.858157    0    0
-4.868603    0    0
-4.848208    0    0
-4.837763    0    0
-4.85816    0    0
-4.868603    0    0
-4.848211    0    0
-4.837767    0    0
-4.85816    0    0
-4.868609    0    0
-4.848211    0    0
-4.837768    0    0
-4.858162    0    0
-4.868605    0    0
-4.848212    0    0
-4.837765    0    0
-4.858162    0    0
-4.868607    0    0
-4.848209    0    0
-4.837766    0    0
-4.858161    0    0
-4.868606    0    0
-4.848209    0    0
-4.837762    0    0
-4.858162    0    0
-4.86861    0    0
-4.848211    0    0
-4.83777    0    0
-4.858162    0    0
-4.86861    0    0
-4.848213    0    0
-4.837768    0    0
-4.858164    0    0
-4.868607    0    0
-4.848213    0    0
-4.83777    0    0
-4.858162    0    0
-4.868612    0    0
-4.848213    0    0
-4.83777    0    0
-4.858167    0    0
-4.868616    0    0
-4.848217    0    0
-4.837774    0    0
-4.858165    0    0
-4.86861    0    0
-4.848216    0    0
-4.83777    0    0
-4.858166    0    0
-4.868614    0    0
-4.848215    0    0
-4.837773    0    0
-4.858164    0    0
-4.868612    0    0
-4.848217    0    0
-4.837774    0    0
-4.858164    0    0
-4.868608    0    0
-4.848216    0    0
-4.83777    0    0
-4.858166    0    0
-4.868607    0    0
-4.848215    0    0
-4.837769    0    0
-4.858164    0    0
-4.86861    0    0
-4.848213    0    0
-4.837767    0    0
-4.858166    0    0
-4.868608    0    0
-4.848214    0    0
-4.837767    0    0
-4.858164    0    0
-4.868615    0    0
-4.848213    0    0
-4.83777    0    0
-4.858166    0    0
-4.868613    0    0
-4.848215    0    0
-4.837774    0    0
-4.858168    0    0
-4.868615    0    0
-4.848215    0    0
-4.837769    0    0
-4.858164    0    0
-4.86861    0    0
-4.848209    0    0
-4.837766    0    0
-4.858162    0    0
-4.868608    0    0
-4.84821    0    0
-4.837765    0    0
-4.858162    0    0
-4.868605    0    0
-4.848211    0    0
-4.837763    0    0
-4.858161    0    0
-4.868607    0    0
-4.848213    0    0
-4.837769    0    0
-4.858164    0    0
-4.868612    0    0
-4.848212    0    0
-4.83777    0    0
-4.858166    0    0
-4.86861    0    0
-4.848217    0    0
-4.837769    0    0
-4.858168    0    0
-4.868612    0    0
-4.848216    0    0
-4.837767    0    0
-4.858166    0    0
-4.868609    0    0
-4.848213    0    0
-4.837769    0    0
-4.858164    0    0
-4.868612    0    0
-4.848213    0    0
-4.837769    0    0
-4.858167    0    0
-4.868614    0    0
-4.848215    0    0
-4.837769    0    0
-4.858168    0    0
-4.868616    0    0
-4.848217    0    0
-4.837767    0    0
-4.858168    0    0
-4.86861    0    0
-4.848215    0    0
-4.83777    0    0
-4.858168    0    0
-4.868614    0    0
-4.848219    0    0
-4.837781    0    0
-4.858171    0    0
-4.86862    0    0
-4.848221    0    0
-4.837772    0    0
-4.85817    0    0
-4.868615    0    0
-4.848219    0    0
-4.83777    0    0
-4.85817    0    0
-4.868618    0    0
-4.84822    0    0
-4.837776    0    0
-4.85817    0    0
-4.868617    0    0
-4.848219    0    0
-4.837777    0    0
-4.858168    0    0
-4.868617    0    0
-4.848219    0    0
-4.83777    0    0
-4.858171    0    0
-4.868621    0    0
-4.848216    0    0
-4.837772    0    0
-4.858168    0    0
-4.868613    0    0
-4.848217    0    0
-4.837772    0    0
-4.858168    0    0
-4.86861    0    0
-4.848217    0    0
-4.83777    0    0
-4.858169    0    0
-4.868613    0    0
-4.84822    0    0
-4.837772    0    0
-4.85817    0    0
-4.868618    0    0
-4.84822    0    0
-4.837776    0    0
-4.858171    0    0
-4.868624    0    0
-4.848217    0    0
-4.837774    0    0
-4.858166    0    0
-4.868611    0    0
-4.848213    0    0
-4.837772    0    0
-4.858165    0    0
-4.868608    0    0
-4.848215    0    0
-4.837768    0    0
-4.858166    0    0
-4.86861    0    0
-4.848214    0    0
-4.837761    0    0
-4.858168    0    0
-4.868611    0    0
-4.848218    0    0
-4.837773    0    0
-4.858167    0    0
-4.868616    0    0
-4.848217    0    0
-4.837774    0    0
-4.85817    0    0
-4.868614    0    0
-4.848221    0    0
-4.837774    0    0
-4.85817    0    0
-4.868609    0    0
-4.84822    0    0
-4.83777    0    0
-4.858168    0    0
-4.868614    0    0
-4.848218    0    0
-4.837771    0    0
-4.858168    0    0
-4.868614    0    0
-4.848219    0    0
-4.837774    0    0
-4.858169    0    0
-4.868618    0    0
-4.848219    0    0
-4.837772    0    0
-4.858171    0    0
-4.868618    0    0
-4.848221    0    0
-4.837772    0    0
-4.858171    0    0
-4.868616    0    0
-4.848221    0    0
-4.837774    0    0
-4.858172    0    0
-4.86862    0    0
-4.848223    0    0
-4.837781    0    0
-4.858176    0    0
-4.868624    0    0
-4.848223    0    0
-4.837774    0    0
-4.858173    0    0
-4.868619    0    0
-4.848223    0    0
-4.837778    0    0
-4.858173    0    0
-4.868621    0    0
-4.848223    0    0
-4.83778    0    0
-4.858173    0    0
-4.86862    0    0
-4.848223    0    0
-4.837778    0    0
-4.858173    0    0
-4.868619    0    0
-4.848224    0    0
-4.837776    0    0
-4.858171    0    0
-4.868621    0    0
-4.848221    0    0
-4.837776    0    0
-4.858171    0    0
-4.868615    0    0
-4.848222    0    0
-4.837772    0    0
-4.858171    0    0
-4.868618    0    0
-4.848221    0    0
-4.837777    0    0
-4.858172    0    0
-4.868622    0    0
-4.848223    0    0
-4.837776    0    0
-4.858174    0    0
-4.868622    0    0
-4.848225    0    0
-4.837778    0    0
-4.858173    0    0
-4.868618    0    0
-4.848222    0    0
-4.837774    0    0
-4.85817    0    0
-4.868618    0    0
-4.848217    0    0
-4.837771    0    0
-4.858169    0    0
-4.868614    0    0
-4.848219    0    0
-4.83777    0    0
-4.85817    0    0
-4.868612    0    0
-4.848219    0    0
-4.837774    0    0
-4.858171    0    0
-4.86862    0    0
-4.848221    0    0
-4.837776    0    0
-4.858171    0    0
-4.868616    0    0
-4.848223    0    0
-4.837778    0    0
-4.858173    0    0
-4.868618    0    0
-4.848225    0    0
-4.837778    0    0
-4.858173    0    0
-4.868615    0    0
-4.848223    0    0
-4.837774    0    0
-4.858171    0    0
-4.868619    0    0
-4.848221    0    0
-4.837774    0    0
-4.858172    0    0
-4.868619    0    0
-4.848223    0    0
-4.83778    0    0
-4.858173    0    0
-4.868622    0    0
-4.848223    0    0
-4.837778    0    0
-4.858176    0    0
-4.868622    0    0
-4.848224    0    0
-4.837776    0    0
-4.858173    0    0
-4.868623    0    0
-4.848225    0    0
-4.837782    0    0
-4.858175    0    0
-4.868631    0    0
-4.848227    0    0
-4.837786    0    0
-4.858179    0    0
-4.868627    0    0
-4.848227    0    0
-4.837778    0    0
-4.858177    0    0
-4.868623    0    0
-4.848227    0    0
-4.837779    0    0
-4.858179    0    0
-4.868626    0    0
-4.848227    0    0
-4.837784    0    0
-4.858177    0    0
-4.868628    0    0
-4.848226    0    0
-4.837784    0    0
-4.858177    0    0
-4.868624    0    0
-4.848226    0    0
-4.83778    0    0
-4.858176    0    0
-4.868622    0    0
-4.848225    0    0
-4.837776    0    0
-4.858175    0    0
-4.868623    0    0
-4.848226    0    0
-4.837776    0    0
-4.858175    0    0
-4.868621    0    0
-4.848225    0    0
-4.837783    0    0
-4.858176    0    0
-4.868624    0    0
-4.848227    0    0
-4.837784    0    0
-4.858177    0    0
-4.868626    0    0
-4.848228    0    0
-4.837785    0    0
-4.858177    0    0
-4.868624    0    0
-4.848224    0    0
-4.837778    0    0
-4.858171    0    0
-4.868622    0    0
-4.848223    0    0
-4.837774    0    0
-4.858173    0    0
-4.86862    0    0
-4.848223    0    0
-4.837773    0    0
-4.858173    0    0
-4.868614    0    0
-4.848223    0    0
-4.837777    0    0
-4.858175    0    0
-4.868624    0    0
-4.848225    0    0
-4.837779    0    0
-4.858175    0    0
-4.868626    0    0
-4.848227    0    0
-4.837781    0    0
-4.858179    0    0
-4.868621    0    0
-4.848228    0    0
-4.837774    0    0
-4.858179    0    0
-4.868624    0    0
-4.848225    0    0
-4.83778    0    0
-4.858175    0    0
-4.868622    0    0
-4.848225    0    0
-4.837781    0    0
-4.858175    0    0
-4.868626    0    0
-4.848226    0    0
-4.837784    0    0
-4.858177    0    0
-4.868629    0    0
-4.848227    0    0
-4.837784    0    0
-4.858179    0    0
-4.868626    0    0
-4.848228    0    0
-4.837782    0    0
-4.858177    0    0
-4.868626    0    0
-4.848228    0    0
-4.837787    0    0
-4.858179    0    0
-4.868629    0    0
-4.848233    0    0
-4.837788    0    0
-4.858183    0    0
-4.868628    0    0
-4.84823    0    0
-4.837782    0    0
-4.858181    0    0
-4.868625    0    0
-4.848231    0    0
-4.837788    0    0
-4.858181    0    0
-4.868629    0    0
-4.84823    0    0
-4.83779    0    0
-4.858179    0    0
-4.868629    0    0
-4.84823    0    0
-4.837786    0    0
-4.858181    0    0
-4.868624    0    0
-4.84823    0    0
-4.837788    0    0
-4.858178    0    0
-4.868622    0    0
-4.848228    0    0
-4.837782    0    0
-4.858179    0    0
-4.868624    0    0
-4.848228    0    0
-4.83778    0    0
-4.858179    0    0
-4.868628    0    0
-4.848228    0    0
-4.837784    0    0
-4.858181    0    0
-4.868627    0    0
-4.84823    0    0
-4.83779    0    0
-4.858181    0    0
-4.868631    0    0
-4.84823    0    0
-4.837786    0    0
-4.85818    0    0
-4.868626    0    0
-4.848227    0    0
-4.837783    0    0
-4.858173    0    0
-4.86862    0    0
-4.848227    0    0
-4.83778    0    0
-4.858176    0    0
-4.868623    0    0
-4.848227    0    0
-4.837778    0    0
-4.858176    0    0
-4.868622    0    0
-4.848228    0    0
-4.837782    0    0
-4.858179    0    0
-4.868622    0    0
-4.84823    0    0
-4.837786    0    0
-4.858179    0    0
-4.868629    0    0
-4.84823    0    0
-4.837787    0    0
-4.858181    0    0
-4.868624    0    0
-4.848231    0    0
-4.837784    0    0
-4.858181    0    0
-4.868626    0    0
-4.848228    0    0
-4.837785    0    0
-4.85818    0    0
-4.868625    0    0
-4.848228    0    0
-4.837781    0    0
-4.858181    0    0
-4.868629    0    0
-4.84823    0    0
-4.837789    0    0
-4.858181    0    0
-4.868629    0    0
-4.848232    0    0
-4.837787    0    0
-4.858183    0    0
-4.868626    0    0
-4.848232    0    0
-4.837789    0    0
-4.858181    0    0
-4.868631    0    0
-4.848232    0    0
-4.83779    0    0
-4.858186    0    0
-4.868635    0    0
-4.848236    0    0
-4.837793    0    0
-4.858184    0    0
-4.868629    0    0
-4.848235    0    0
-4.837789    0    0
-4.858185    0    0
-4.868633    0    0
-4.848234    0    0
-4.837792    0    0
-4.858183    0    0
-4.868631    0    0
-4.848236    0    0
-4.837793    0    0
-4.858183    0    0
-4.868628    0    0
-4.848235    0    0
-4.837789    0    0
-4.858185    0    0
-4.868626    0    0
-4.848234    0    0
-4.837788    0    0
-4.858183    0    0
-4.868629    0    0
-4.848232    0    0
-4.837786    0    0
-4.858185    0    0
-4.868628    0    0
-4.848233    0    0
-4.837786    0    0
-4.858183    0    0
-4.868634    0    0
-4.848232    0    0
-4.837789    0    0
-4.858185    0    0
-4.868632    0    0
-4.848234    0    0
-4.837793    0    0
-4.858187    0    0
-4.868634    0    0
-4.848234    0    0
-4.837788    0    0
-4.858183    0    0
-4.868629    0    0
-4.848228    0    0
-4.837785    0    0
-4.858181    0    0
-4.868628    0    0
-4.848229    0    0
-4.837784    0    0
-4.858181    0    0
-4.868624    0    0
-4.84823    0    0
-4.837782    0    0
-4.85818    0    0
-4.868626    0    0
-4.848232    0    0
-4.837788    0    0
-4.858183    0    0
-4.868631    0    0
-4.848231    0    0
-4.837789    0    0
-4.858185    0    0
-4.868629    0    0
-4.848236    0    0
-4.837788    0    0
-4.858187    0    0
-4.868631    0    0
-4.848235    0    0
-4.837786    0    0
-4.858185    0    0
-4.868629    0    0
-4.848232    0    0
-4.837788    0    0
-4.858183    0    0
-4.868631    0    0
-4.848232    0    0
-4.837788    0    0
-4.858186    0    0
-4.868633    0    0
-4.848234    0    0
-4.837788    0    0
-4.858187    0    0
-4.868635    0    0
-4.848236    0    0
-4.837786    0    0
-4.858187    0    0
-4.868629    0    0
-4.848234    0    0
-4.83779    0    0
-4.858187    0    0
-4.868633    0    0
-4.848238    0    0
-4.8378    0    0
-4.85819    0    0
-4.868639    0    0
-4.84824    0    0
-4.837791    0    0
-4.858189    0    0
-4.868634    0    0
-4.848238    0    0
-4.83779    0    0
-4.858189    0    0
-4.868637    0    0
-4.848239    0    0
-4.837795    0    0
-4.858189    0    0
-4.868636    0    0
-4.848238    0    0
-4.837796    0    0
-4.858187    0    0
-4.868636    0    0
-4.848238    0    0
-4.83779    0    0
-4.85819    0    0
-4.86864    0    0
-4.848235    0    0
-4.837791    0    0
-4.858187    0    0
-4.868632    0    0
-4.848236    0    0
-4.837791    0    0
-4.858187    0    0
-4.868629    0    0
-4.848236    0    0
-4.83779    0    0
-4.858188    0    0
-4.868632    0    0
-4.848239    0    0
-4.837791    0    0
-4.858189    0    0
-4.868637    0    0
-4.848239    0    0
-4.837795    0    0
-4.858191    0    0
-4.868643    0    0
-4.848236    0    0
-4.837793    0    0
-4.858185    0    0
-4.86863    0    0
-4.848232    0    0
-4.837791    0    0
-4.858184    0    0
-4.868628    0    0
-4.848234    0    0
-4.837787    0    0
-4.858185    0    0
-4.868629    0    0
-4.848233    0    0
-4.83778    0    0
-4.858187    0    0
-4.86863    0    0
-4.848237    0    0
-4.837792    0    0
-4.858186    0    0
-4.868635    0    0
-4.848236    0    0
-4.837793    0    0
-4.858189    0    0
-4.868633    0    0
-4.84824    0    0
-4.837793    0    0
-4.858189    0    0
-4.868629    0    0
-4.848239    0    0
-4.83779    0    0
-4.858187    0    0
-4.868633    0    0
-4.848237    0    0
-4.83779    0    0
-4.858187    0    0
-4.868633    0    0
-4.848238    0    0
-4.837793    0    0
-4.858188    0    0
-4.868637    0    0
-4.848238    0    0
-4.837791    0    0
-4.858191    0    0
-4.868637    0    0
-4.84824    0    0
-4.837791    0    0
-4.858191    0    0
-4.868635    0    0
-4.84824    0    0
-4.837793    0    0
-4.858191    0    0
-4.868639    0    0
-4.848242    0    0
-4.8378    0    0
-4.858195    0    0
-4.868643    0    0
-4.848242    0    0
-4.837793    0    0
-4.858192    0    0
-4.868638    0    0
-4.848242    0    0
-4.837797    0    0
-4.858192    0    0
-4.86864    0    0
-4.848242    0    0
-4.837799    0    0
-4.858192    0    0
-4.868639    0    0
-4.848242    0    0
-4.837797    0    0
-4.858192    0    0
-4.868638    0    0
-4.848243    0    0
-4.837795    0    0
-4.858191    0    0
-4.86864    0    0
-4.84824    0    0
-4.837795    0    0
-4.85819    0    0
-4.868634    0    0
-4.848241    0    0
-4.837791    0    0
-4.858191    0    0
-4.868637    0    0
-4.84824    0    0
-4.837796    0    0
-4.858191    0    0
-4.868641    0    0
-4.848242    0    0
-4.837795    0    0
-4.858193    0    0
-4.868641    0    0
-4.848244    0    0
-4.837797    0    0
-4.858192    0    0
-4.868637    0    0
-4.848241    0    0
-4.837793    0    0
-4.858189    0    0
-4.868637    0    0
-4.848236    0    0
-4.83779    0    0
-4.858188    0    0
-4.868633    0    0
-4.848238    0    0
-4.83779    0    0
-4.858189    0    0
-4.868631    0    0
-4.848238    0    0
-4.837793    0    0
-4.85819    0    0
-4.868639    0    0
-4.84824    0    0
-4.837795    0    0
-4.858191    0    0
-4.868635    0    0
-4.848242    0    0
-4.837797    0    0
-4.858192    0    0
-4.868637    0    0
-4.848244    0    0
-4.837797    0    0
-4.858192    0    0
-4.868634    0    0
-4.848242    0    0
-4.837793    0    0
-4.858191    0    0
-4.868638    0    0
-4.84824    0    0
-4.837793    0    0
-4.858191    0    0
-4.868638    0    0
-4.848242    0    0
-4.837799    0    0
-4.858192    0    0
-4.868641    0    0
-4.848242    0    0
-4.837797    0    0
-4.858195    0    0
-4.868641    0    0
-4.848243    0    0
-4.837795    0    0
-4.858192    0    0
-4.868642    0    0
-4.848244    0    0
-4.837801    0    0
-4.858194    0    0
-4.86865    0    0
-4.848246    0    0
-4.837805    0    0
-4.858198    0    0
-4.868646    0    0
-4.848246    0    0
-4.837797    0    0
-4.858196    0    0
-4.868642    0    0
-4.848246    0    0
-4.837798    0    0
-4.858198    0    0
-4.868645    0    0
-4.848246    0    0
-4.837803    0    0
-4.858196    0    0
-4.868647    0    0
-4.848245    0    0
-4.837803    0    0
-4.858196    0    0
-4.868643    0    0
-4.848245    0    0
-4.837799    0    0
-4.858195    0    0
-4.868641    0    0
-4.848244    0    0
-4.837795    0    0
-4.858194    0    0
-4.868642    0    0
-4.848245    0    0
-4.837795    0    0
-4.858194    0    0
-4.86864    0    0
-4.848244    0    0
-4.837802    0    0
-4.858195    0    0
-4.868643    0    0
-4.848246    0    0
-4.837803    0    0
-4.858196    0    0
-4.868645    0    0
-4.848248    0    0
-4.837804    0    0
-4.858196    0    0
-4.868643    0    0
-4.848243    0    0
-4.837797    0    0
-4.858191    0    0
-4.868641    0    0
-4.848242    0    0
-4.837793    0    0
-4.858192    0    0
-4.868639    0    0
-4.848242    0    0
-4.837792    0    0
-4.858192    0    0
-4.868633    0    0
-4.848242    0    0
-4.837796    0    0
-4.858194    0    0
-4.868643    0    0
-4.848244    0    0
-4.837798    0    0
-4.858194    0    0
-4.868645    0    0
-4.848246    0    0
-4.8378    0    0
-4.858198    0    0
-4.86864    0    0
-4.848248    0    0
-4.837793    0    0
-4.858198    0    0
-4.868643    0    0
-4.848244    0    0
-4.837799    0    0
-4.858194    0    0
-4.868641    0    0
-4.848244    0    0
-4.8378    0    0
-4.858194    0    0
-4.868645    0    0
-4.848245    0    0
-4.837803    0    0
-4.858196    0    0
-4.868649    0    0
-4.848246    0    0
-4.837803    0    0
-4.858198    0    0
-4.868645    0    0
-4.848248    0    0
-4.837801    0    0
-4.858196    0    0
-4.868645    0    0
-4.848248    0    0
-4.837806    0    0
-4.858198    0    0
-4.868649    0    0
-4.848252    0    0
-4.837807    0    0
-4.858202    0    0
-4.868647    0    0
-4.848249    0    0
-4.837801    0    0
-4.8582    0    0
-4.868644    0    0
-4.84825    0    0
-4.837807    0    0
-4.8582    0    0
-4.868648    0    0
-4.848249    0    0
-4.83781    0    0
-4.858198    0    0
-4.868649    0    0
-4.848249    0    0
-4.837805    0    0
-4.8582    0    0
-4.868643    0    0
-4.848249    0    0
-4.837807    0    0
-4.858197    0    0
-4.868641    0    0
-4.848248    0    0
-4.837801    0    0
-4.858198    0    0
-4.868643    0    0
-4.848248    0    0
-4.837799    0    0
-4.858198    0    0
-4.868647    0    0
-4.848248    0    0
-4.837803    0    0
-4.8582    0    0
-4.868646    0    0
-4.848249    0    0
-4.837809    0    0
-4.8582    0    0
-4.86865    0    0
-4.848249    0    0
-4.837805    0    0
-4.858199    0    0
-4.868645    0    0
-4.848246    0    0
-4.837802    0    0
-4.858192    0    0
-4.868639    0    0
-4.848246    0    0
-4.837799    0    0
-4.858195    0    0
-4.868642    0    0
-4.848246    0    0
-4.837797    0    0
-4.858195    0    0
-4.868641    0    0
-4.848247    0    0
-4.837801    0    0
-4.858198    0    0
-4.868641    0    0
-4.848249    0    0
-4.837805    0    0
-4.858198    0    0
-4.868648    0    0
-4.848249    0    0
-4.837806    0    0
-4.8582    0    0
-4.868643    0    0
-4.84825    0    0
-4.837803    0    0
-4.8582    0    0
-4.868645    0    0
-4.848248    0    0
-4.837804    0    0
-4.858199    0    0
-4.868644    0    0
-4.848248    0    0
-4.8378    0    0
-4.8582    0    0
-4.868649    0    0
-4.848249    0    0
-4.837808    0    0
-4.8582    0    0
-4.868649    0    0
-4.848251    0    0
-4.837806    0    0
-4.858202    0    0
-4.868645    0    0
-4.848251    0    0
-4.837808    0    0
-4.8582    0    0
-4.86865    0    0
-4.848251    0    0
-4.837809    0    0
-4.858205    0    0
-4.868654    0    0
-4.848255    0    0
-4.837812    0    0
-4.858203    0    0
-4.868649    0    0
-4.848254    0    0
-4.837808    0    0
-4.858204    0    0
-4.868652    0    0
-4.848253    0    0
-4.837811    0    0
-4.858202    0    0
-4.86865    0    0
-4.848255    0    0
-4.837812    0    0
-4.858202    0    0
-4.868647    0    0
-4.848254    0    0
-4.837808    0    0
-4.858204    0    0
-4.868645    0    0
-4.848253    0    0
-4.837807    0    0
-4.858202    0    0
-4.868649    0    0
-4.848251    0    0
-4.837805    0    0
-4.858204    0    0
-4.868647    0    0
-4.848252    0    0
-4.837805    0    0
-4.858202    0    0
-4.868653    0    0
-4.848251    0    0
-4.837808    0    0
-4.858204    0    0
-4.868651    0    0
-4.848253    0    0
-4.837812    0    0
-4.858206    0    0
-4.868653    0    0
-4.848253    0    0
-4.837807    0    0
-4.858202    0    0
-4.868649    0    0
-4.848248    0    0
-4.837804    0    0
-4.8582    0    0
-4.868647    0    0
-4.848248    0    0
-4.837803    0    0
-4.8582    0    0
-4.868643    0    0
-4.848249    0    0
-4.837801    0    0
-4.858199    0    0
-4.868645    0    0
-4.848251    0    0
-4.837807    0    0
-4.858202    0    0
-4.86865    0    0
-4.84825    0    0
-4.837808    0    0
-4.858204    0    0
-4.868649    0    0
-4.848255    0    0
-4.837807    0    0
-4.858206    0    0
-4.86865    0    0
-4.848254    0    0
-4.837805    0    0
-4.858204    0    0
-4.868648    0    0
-4.848251    0    0
-4.837807    0    0
-4.858202    0    0
-4.86865    0    0
-4.848251    0    0
-4.837807    0    0
-4.858205    0    0
-4.868652    0    0
-4.848253    0    0
-4.837807    0    0
-4.858206    0    0
-4.868654    0    0
-4.848255    0    0
-4.837805    0    0
-4.858206    0    0
-4.868649    0    0
-4.848253    0    0
-4.837809    0    0
-4.858206    0    0
-4.868652    0    0
-4.848257    0    0
-4.837819    0    0
-4.858209    0    0
-4.868658    0    0
-4.848259    0    0
-4.837811    0    0
-4.858208    0    0
-4.868653    0    0
-4.848257    0    0
-4.837809    0    0
-4.858208    0    0
-4.868656    0    0
-4.848258    0    0
-4.837814    0    0
-4.858208    0    0
-4.868655    0    0
-4.848257    0    0
-4.837815    0    0
-4.858206    0    0
-4.868655    0    0
-4.848257    0    0
-4.837809    0    0
-4.858209    0    0
-4.868659    0    0
-4.848254    0    0
-4.837811    0    0
-4.858206    0    0
-4.868651    0    0
-4.848255    0    0
-4.837811    0    0
-4.858206    0    0
-4.868649    0    0
-4.848255    0    0
-4.837809    0    0
-4.858207    0    0
-4.868651    0    0
-4.848258    0    0
-4.837811    0    0
-4.858208    0    0
-4.868656    0    0
-4.848258    0    0
-4.837814    0    0
-4.85821    0    0
-4.868662    0    0
-4.848255    0    0
-4.837812    0    0
-4.858204    0    0
-4.868649    0    0
-4.848251    0    0
-4.837811    0    0
-4.858203    0    0
-4.868647    0    0
-4.848253    0    0
-4.837806    0    0
-4.858204    0    0
-4.868649    0    0
-4.848252    0    0
-4.837799    0    0
-4.858206    0    0
-4.868649    0    0
-4.848256    0    0
-4.837811    0    0
-4.858205    0    0
-4.868654    0    0
-4.848255    0    0
-4.837812    0    0
-4.858208    0    0
-4.868652    0    0
-4.848259    0    0
-4.837812    0    0
-4.858208    0    0
-4.868648    0    0
-4.848258    0    0
-4.837809    0    0
-4.858206    0    0
-4.868652    0    0
-4.848256    0    0
-4.83781    0    0
-4.858206    0    0
-4.868652    0    0
-4.848257    0    0
-4.837812    0    0
-4.858207    0    0
-4.868656    0    0
-4.848257    0    0
-4.837811    0    0
-4.85821    0    0
-4.868656    0    0
-4.848259    0    0
-4.837811    0    0
-4.85821    0    0
-4.868654    0    0
-4.848259    0    0
-4.837812    0    0
-4.858211    0    0
-4.868658    0    0
-4.848261    0    0
-4.837819    0    0
-4.858214    0    0
-4.868662    0    0
-4.848261    0    0
-4.837812    0    0
-4.858212    0    0
-4.868657    0    0
-4.848261    0    0
-4.837816    0    0
-4.858212    0    0
-4.868659    0    0
-4.848261    0    0
-4.837818    0    0
-4.858212    0    0
-4.868658    0    0
-4.848261    0    0
-4.837816    0    0
-4.858212    0    0
-4.868657    0    0
-4.848262    0    0
-4.837814    0    0
-4.85821    0    0
-4.868659    0    0
-4.848259    0    0
-4.837814    0    0
-4.858209    0    0
-4.868653    0    0
-4.84826    0    0
-4.837811    0    0
-4.85821    0    0
-4.868656    0    0
-4.848259    0    0
-4.837815    0    0
-4.858211    0    0
-4.86866    0    0
-4.848261    0    0
-4.837814    0    0
-4.858212    0    0
-4.86866    0    0
-4.848263    0    0
-4.837816    0    0
-4.858212    0    0
-4.868656    0    0
-4.84826    0    0
-4.837812    0    0
-4.858208    0    0
-4.868656    0    0
-4.848255    0    0
-4.83781    0    0
-4.858207    0    0
-4.868652    0    0
-4.848257    0    0
-4.837809    0    0
-4.858208    0    0
-4.86865    0    0
-4.848257    0    0
-4.837812    0    0
-4.858209    0    0
-4.868658    0    0
-4.848259    0    0
-4.837814    0    0
-4.85821    0    0
-4.868654    0    0
-4.848261    0    0
-4.837816    0    0
-4.858212    0    0
-4.868656    0    0
-4.848263    0    0
-4.837816    0    0
-4.858212    0    0
-4.868653    0    0
-4.848261    0    0
-4.837812    0    0
-4.85821    0    0
-4.868657    0    0
-4.848259    0    0
-4.837812    0    0
-4.858211    0    0
-4.868657    0    0
-4.848261    0    0
-4.837818    0    0
-4.858212    0    0
-4.86866    0    0
-4.848261    0    0
-4.837816    0    0
-4.858214    0    0
-4.86866    0    0
-4.848262    0    0
-4.837814    0    0
-4.858212    0    0
-4.868661    0    0
-4.848263    0    0
-4.83782    0    0
-4.858213    0    0
-4.86867    0    0
-4.848265    0    0
-4.837824    0    0
-4.858217    0    0
-4.868665    0    0
-4.848265    0    0
-4.837816    0    0
-4.858215    0    0
-4.868661    0    0
-4.848265    0    0
-4.837817    0    0
-4.858217    0    0
-4.868664    0    0
-4.848265    0    0
-4.837822    0    0
-4.858215    0    0
-4.868666    0    0
-4.848264    0    0
-4.837822    0    0
-4.858215    0    0
-4.868662    0    0
-4.848264    0    0
-4.837818    0    0
-4.858214    0    0
-4.86866    0    0
-4.848263    0    0
-4.837814    0    0
-4.858213    0    0
-4.868661    0    0
-4.848264    0    0
-4.837814    0    0
-4.858213    0    0
-4.868659    0    0
-4.848263    0    0
-4.837821    0    0
-4.858214    0    0
-4.868662    0    0
-4.848265    0    0
-4.837822    0    0
-4.858215    0    0
-4.868664    0    0
-4.848267    0    0
-4.837823    0    0
-4.858215    0    0
-4.868662    0    0
-4.848262    0    0
-4.837816    0    0
-4.85821    0    0
-4.86866    0    0
-4.848261    0    0
-4.837812    0    0
-4.858212    0    0
-4.868658    0    0
-4.848261    0    0
-4.837811    0    0
-4.858212    0    0
-4.868652    0    0
-4.848261    0    0
-4.837815    0    0
-4.858213    0    0
-4.868662    0    0
-4.848263    0    0
-4.837817    0    0
-4.858213    0    0
-4.868664    0    0
-4.848265    0    0
-4.837819    0    0
-4.858217    0    0
-4.868659    0    0
-4.848267    0    0
-4.837812    0    0
-4.858217    0    0
-4.868662    0    0
-4.848263    0    0
-4.837818    0    0
-4.858213    0    0
-4.86866    0    0
-4.848263    0    0
-4.837819    0    0
-4.858213    0    0
-4.868664    0    0
-4.848264    0    0
-4.837822    0    0
-4.858215    0    0
-4.868668    0    0
-4.848265    0    0
-4.837822    0    0
-4.858217    0    0
-4.868664    0    0
-4.848267    0    0
-4.83782    0    0
-4.858215    0    0
-4.868664    0    0
-4.848267    0    0
-4.837825    0    0
-4.858217    0    0
-4.868668    0    0
-4.848271    0    0
-4.837826    0    0
-4.858221    0    0
-4.868666    0    0
-4.848269    0    0
-4.83782    0    0
-4.858219    0    0
-4.868663    0    0
-4.848269    0    0
-4.837826    0    0
-4.858219    0    0
-4.868667    0    0
-4.848269    0    0
-4.837829    0    0
-4.858217    0    0
-4.868668    0    0
-4.848269    0    0
-4.837824    0    0
-4.858219    0    0
-4.868662    0    0
-4.848269    0    0
-4.837826    0    0
-4.858216    0    0
-4.86866    0    0
-4.848267    0    0
-4.83782    0    0
-4.858217    0    0
-4.868662    0    0
-4.848267    0    0
-4.837818    0    0
-4.858217    0    0
-4.868666    0    0
-4.848267    0    0
-4.837822    0    0
-4.858219    0    0
-4.868665    0    0
-4.848269    0    0
-4.837828    0    0
-4.858219    0    0
-4.86867    0    0
-4.848269    0    0
-4.837824    0    0
-4.858218    0    0
-4.868664    0    0
-4.848265    0    0
-4.837821    0    0
-4.858212    0    0
-4.868658    0    0
-4.848265    0    0
-4.837818    0    0
-4.858214    0    0
-4.868661    0    0
-4.848265    0    0
-4.837816    0    0
-4.858214    0    0
-4.86866    0    0
-4.848266    0    0
-4.83782    0    0
-4.858217    0    0
-4.86866    0    0
-4.848269    0    0
-4.837824    0    0
-4.858217    0    0
-4.868667    0    0
-4.848269    0    0
-4.837825    0    0
-4.858219    0    0
-4.868662    0    0
-4.848269    0    0
-4.837822    0    0
-4.858219    0    0
-4.868664    0    0
-4.848267    0    0
-4.837823    0    0
-4.858218    0    0
-4.868663    0    0
-4.848267    0    0
-4.837819    0    0
-4.858219    0    0
-4.868668    0    0
-4.848269    0    0
-4.837827    0    0
-4.858219    0    0
-4.868668    0    0
-4.84827    0    0
-4.837825    0    0
-4.858221    0    0
-4.868664    0    0
-4.84827    0    0
-4.837827    0    0
-4.858219    0    0
-4.86867    0    0
-4.84827    0    0
-4.837828    0    0
-4.858224    0    0
-4.868673    0    0
-4.848274    0    0
-4.837831    0    0
-4.858222    0    0
-4.868668    0    0
-4.848273    0    0
-4.837827    0    0
-4.858223    0    0
-4.868671    0    0
-4.848272    0    0
-4.837831    0    0
-4.858221    0    0
-4.86867    0    0
-4.848274    0    0
-4.837831    0    0
-4.858221    0    0
-4.868666    0    0
-4.848273    0    0
-4.837827    0    0
-4.858223    0    0
-4.868664    0    0
-4.848272    0    0
-4.837826    0    0
-4.858221    0    0
-4.868668    0    0
-4.84827    0    0
-4.837824    0    0
-4.858223    0    0
-4.868666    0    0
-4.848271    0    0
-4.837824    0    0
-4.858221    0    0
-4.868672    0    0
-4.84827    0    0
-4.837827    0    0
-4.858223    0    0
-4.86867    0    0
-4.848272    0    0
-4.837831    0    0
-4.858225    0    0
-4.868672    0    0
-4.848272    0    0
-4.837826    0    0
-4.858221    0    0
-4.868668    0    0
-4.848267    0    0
-4.837823    0    0
-4.858219    0    0
-4.868666    0    0
-4.848268    0    0
-4.837822    0    0
-4.858219    0    0
-4.868662    0    0
-4.848269    0    0
-4.83782    0    0
-4.858218    0    0
-4.868664    0    0
-4.84827    0    0
-4.837826    0    0
-4.858221    0    0
-4.86867    0    0
-4.848269    0    0
-4.837827    0    0
-4.858223    0    0
-4.868668    0    0
-4.848274    0    0
-4.837826    0    0
-4.858225    0    0
-4.86867    0    0
-4.848273    0    0
-4.837824    0    0
-4.858223    0    0
-4.868667    0    0
-4.84827    0    0
-4.837826    0    0
-4.858221    0    0
-4.86867    0    0
-4.84827    0    0
-4.837826    0    0
-4.858224    0    0
-4.868671    0    0
-4.848272    0    0
-4.837826    0    0
-4.858225    0    0
-4.868673    0    0
-4.848274    0    0
-4.837824    0    0
-4.858225    0    0
-4.868668    0    0
-4.848272    0    0
-4.837828    0    0
-4.858225    0    0
-4.868671    0    0
-4.848276    0    0
-4.837838    0    0
-4.858228    0    0
-4.868677    0    0
-4.848278    0    0
-4.83783    0    0
-4.858227    0    0
-4.868672    0    0
-4.848276    0    0
-4.837828    0    0
-4.858227    0    0
-4.868675    0    0
-4.848277    0    0
-4.837833    0    0
-4.858227    0    0
-4.868674    0    0
-4.848276    0    0
-4.837834    0    0
-4.858225    0    0
-4.868674    0    0
-4.848276    0    0
-4.837828    0    0
-4.858228    0    0
-4.868678    0    0
-4.848273    0    0
-4.83783    0    0
-4.858225    0    0
-4.86867    0    0
-4.848274    0    0
-4.83783    0    0
-4.858225    0    0
-4.868668    0    0
-4.848274    0    0
-4.837828    0    0
-4.858226    0    0
-4.86867    0    0
-4.848277    0    0
-4.83783    0    0
-4.858227    0    0
-4.868675    0    0
-4.848277    0    0
-4.837833    0    0
-4.858229    0    0
-4.868681    0    0
-4.848274    0    0
-4.837831    0    0
-4.858223    0    0
-4.868669    0    0
-4.84827    0    0
-4.83783    0    0
-4.858222    0    0
-4.868666    0    0
-4.848272    0    0
-4.837825    0    0
-4.858223    0    0
-4.868668    0    0
-4.848271    0    0
-4.837818    0    0
-4.858225    0    0
-4.868669    0    0
-4.848275    0    0
-4.837831    0    0
-4.858224    0    0
-4.868673    0    0
-4.848274    0    0
-4.837831    0    0
-4.858227    0    0
-4.868671    0    0
-4.848278    0    0
-4.837831    0    0
-4.858227    0    0
-4.868667    0    0
-4.848277    0    0
-4.837828    0    0
-4.858225    0    0
-4.868671    0    0
-4.848275    0    0
-4.837829    0    0
-4.858225    0    0
-4.868671    0    0
-4.848276    0    0
-4.837831    0    0
-4.858226    0    0
-4.868675    0    0
-4.848276    0    0
-4.83783    0    0
-4.858229    0    0
-4.868675    0    0
-4.848278    0    0
-4.83783    0    0
-4.858229    0    0
-4.868673    0    0
-4.848278    0    0
-4.837831    0    0
-4.85823    0    0
-4.868677    0    0
-4.84828    0    0
-4.837838    0    0
-4.858233    0    0
-4.868681    0    0
-4.84828    0    0
-4.837831    0    0
-4.858231    0    0
-4.868676    0    0
-4.84828    0    0
-4.837835    0    0
-4.858231    0    0
-4.868678    0    0
-4.84828    0    0
-4.837837    0    0
-4.858231    0    0
-4.868677    0    0
-4.84828    0    0
-4.837835    0    0
-4.858231    0    0
-4.868676    0    0
-4.848281    0    0
-4.837833    0    0
-4.858229    0    0
-4.868678    0    0
-4.848278    0    0
-4.837833    0    0
-4.858228    0    0
-4.868672    0    0
-4.848279    0    0
-4.83783    0    0
-4.858229    0    0
-4.868675    0    0
-4.848278    0    0
-4.837834    0    0
-4.85823    0    0
-4.868679    0    0
-4.84828    0    0
-4.837833    0    0
-4.858232    0    0
-4.868679    0    0
-4.848282    0    0
-4.837835    0    0
-4.858231    0    0
-4.868675    0    0
-4.848279    0    0
-4.837831    0    0
-4.858227    0    0
-4.868675    0    0
-4.848274    0    0
-4.837829    0    0
-4.858226    0    0
-4.868671    0    0
-4.848276    0    0
-4.837828    0    0
-4.858227    0    0
-4.86867    0    0
-4.848276    0    0
-4.837831    0    0
-4.858228    0    0
-4.868677    0    0
-4.848278    0    0
-4.837833    0    0
-4.858229    0    0
-4.868673    0    0
-4.84828    0    0
-4.837835    0    0
-4.858231    0    0
-4.868675    0    0
-4.848282    0    0
-4.837835    0    0
-4.858231    0    0
-4.868672    0    0
-4.84828    0    0
-4.837831    0    0
-4.858229    0    0
-4.868676    0    0
-4.848278    0    0
-4.837831    0    0
-4.85823    0    0
-4.868676    0    0
-4.84828    0    0
-4.837837    0    0
-4.858231    0    0
-4.868679    0    0
-4.84828    0    0
-4.837835    0    0
-4.858233    0    0
-4.868679    0    0
-4.848281    0    0
-4.837833    0    0
-4.858231    0    0
-4.86868    0    0
-4.848282    0    0
-4.837839    0    0
-4.858232    0    0
-4.868689    0    0
-4.848284    0    0
-4.837843    0    0
-4.858236    0    0
-4.868684    0    0
-4.848284    0    0
-4.837835    0    0
-4.858234    0    0
-4.86868    0    0
-4.848284    0    0
-4.837836    0    0
-4.858236    0    0
-4.868683    0    0
-4.848284    0    0
-4.837841    0    0
-4.858234    0    0
-4.868685    0    0
-4.848283    0    0
-4.837841    0    0
-4.858234    0    0
-4.868681    0    0
-4.848283    0    0
-4.837837    0    0
-4.858233    0    0
-4.868679    0    0
-4.848282    0    0
-4.837833    0    0
-4.858232    0    0
-4.86868    0    0
-4.848283    0    0
-4.837833    0    0
-4.858232    0    0
-4.868678    0    0
-4.848282    0    0
-4.83784    0    0
-4.858233    0    0
-4.868681    0    0
-4.848284    0    0
-4.837841    0    0
-4.858234    0    0
-4.868683    0    0
-4.848286    0    0
-4.837842    0    0
-4.858234    0    0
-4.868681    0    0
-4.848281    0    0
-4.837835    0    0
-4.858229    0    0
-4.868679    0    0
-4.84828    0    0
-4.837831    0    0
-4.858231    0    0
-4.868677    0    0
-4.84828    0    0
-4.837831    0    0
-4.858231    0    0
-4.868671    0    0
-4.84828    0    0
-4.837834    0    0
-4.858232    0    0
-4.868681    0    0
-4.848282    0    0
-4.837836    0    0
-4.858232    0    0
-4.868683    0    0
-4.848284    0    0
-4.837838    0    0
-4.858236    0    0
-4.868678    0    0
-4.848286    0    0
-4.837831    0    0
-4.858236    0    0
-4.868681    0    0
-4.848282    0    0
-4.837837    0    0
-4.858232    0    0
-4.868679    0    0
-4.848282    0    0
-4.837838    0    0
-4.858232    0    0
-4.868683    0    0
-4.848283    0    0
-4.837841    0    0
-4.858234    0    0
-4.868687    0    0
-4.848284    0    0
-4.837841    0    0
-4.858236    0    0
-4.868683    0    0
-4.848286    0    0
-4.837839    0    0
-4.858234    0    0
-4.868683    0    0
-4.848286    0    0
-4.837844    0    0
-4.858236    0    0
-4.868687    0    0
-4.84829    0    0
-4.837845    0    0
-4.85824    0    0
-4.868685    0    0
-4.848288    0    0
-4.837839    0    0
-4.858238    0    0
-4.868682    0    0
-4.848289    0    0
-4.837845    0    0
-4.858238    0    0
-4.868686    0    0
-4.848288    0    0
-4.837848    0    0
-4.858236    0    0
-4.868687    0    0
-4.848288    0    0
-4.837843    0    0
-4.858238    0    0
-4.868681    0    0
-4.848288    0    0
-4.837845    0    0
-4.858235    0    0
-4.868679    0    0
-4.848286    0    0
-4.837839    0    0
-4.858236    0    0
-4.868681    0    0
-4.848286    0    0
-4.837837    0    0
-4.858236    0    0
-4.868685    0    0
-4.848286    0    0
-4.837841    0    0
-4.858238    0    0
-4.868684    0    0
-4.848288    0    0
-4.837847    0    0
-4.858238    0    0
-4.868689    0    0
-4.848288    0    0
-4.837843    0    0
-4.858237    0    0
-4.868683    0    0
-4.848284    0    0
-4.83784    0    0
-4.858231    0    0
-4.868677    0    0
-4.848284    0    0
-4.837837    0    0
-4.858233    0    0
-4.86868    0    0
-4.848284    0    0
-4.837835    0    0
-4.858233    0    0
-4.868679    0    0
-4.848285    0    0
-4.837839    0    0
-4.858236    0    0
-4.868679    0    0
-4.848288    0    0
-4.837843    0    0
-4.858236    0    0
-4.868686    0    0
-4.848288    0    0
-4.837844    0    0
-4.858238    0    0
-4.868681    0    0
-4.848289    0    0
-4.837841    0    0
-4.858238    0    0
-4.868683    0    0
-4.848286    0    0
-4.837842    0    0
-4.858237    0    0
-4.868682    0    0
-4.848286    0    0
-4.837838    0    0
-4.858238    0    0
-4.868687    0    0
-4.848288    0    0
-4.837846    0    0
-4.858238    0    0
-4.868687    0    0
-4.848289    0    0
-4.837844    0    0
-4.85824    0    0
-4.868683    0    0
-4.848289    0    0
-4.837846    0    0
-4.858238    0    0
-4.868689    0    0
-4.848289    0    0
-4.837847    0    0
-4.858243    0    0
-4.868692    0    0
-4.848293    0    0
-4.837851    0    0
-4.858241    0    0
-4.868687    0    0
-4.848292    0    0
-4.837846    0    0
-4.858242    0    0
-4.86869    0    0
-4.848291    0    0
-4.83785    0    0
-4.85824    0    0
-4.868689    0    0
-4.848293    0    0
-4.837851    0    0
-4.85824    0    0
-4.868685    0    0
-4.848292    0    0
-4.837846    0    0
-4.858242    0    0
-4.868683    0    0
-4.848291    0    0
-4.837845    0    0
-4.85824    0    0
-4.868687    0    0
-4.848289    0    0
-4.837843    0    0
-4.858242    0    0
-4.868685    0    0
-4.84829    0    0
-4.837843    0    0
-4.85824    0    0
-4.868691    0    0
-4.848289    0    0
-4.837846    0    0
-4.858242    0    0
-4.86869    0    0
-4.848291    0    0
-4.837851    0    0
-4.858244    0    0
-4.868691    0    0
-4.848291    0    0
-4.837845    0    0
-4.85824    0    0
-4.868687    0    0
-4.848286    0    0
-4.837842    0    0
-4.858238    0    0
-4.868685    0    0
-4.848287    0    0
-4.837841    0    0
-4.858238    0    0
-4.868681    0    0
-4.848288    0    0
-4.837839    0    0
-4.858237    0    0
-4.868683    0    0
-4.848289    0    0
-4.837845    0    0
-4.85824    0    0
-4.868689    0    0
-4.848289    0    0
-4.837846    0    0
-4.858242    0    0
-4.868687    0    0
-4.848293    0    0
-4.837845    0    0
-4.858244    0    0
-4.868689    0    0
-4.848292    0    0
-4.837843    0    0
-4.858242    0    0
-4.868686    0    0
-4.848289    0    0
-4.837845    0    0
-4.85824    0    0
-4.868689    0    0
-4.848289    0    0
-4.837845    0    0
-4.858243    0    0
-4.86869    0    0
-4.848291    0    0
-4.837845    0    0
-4.858244    0    0
-4.868692    0    0
-4.848293    0    0
-4.837843    0    0
-4.858244    0    0
-4.868687    0    0
-4.848291    0    0
-4.837847    0    0
-4.858244    0    0
-4.86869    0    0
-4.848295    0    0
-4.837857    0    0
-4.858247    0    0
-4.868696    0    0
-4.848297    0    0
-4.837849    0    0
-4.858246    0    0
-4.868691    0    0
-4.848295    0    0
-4.837847    0    0
-4.858246    0    0
-4.868694    0    0
-4.848296    0    0
-4.837852    0    0
-4.858246    0    0
-4.868693    0    0
-4.848295    0    0
-4.837853    0    0
-4.858244    0    0
-4.868693    0    0
-4.848295    0    0
-4.837847    0    0
-4.858247    0    0
-4.868697    0    0
-4.848292    0    0
-4.837849    0    0
-4.858244    0    0
-4.86869    0    0
-4.848293    0    0
-4.837849    0    0
-4.858244    0    0
-4.868687    0    0
-4.848293    0    0
-4.837847    0    0
-4.858245    0    0
-4.86869    0    0
-4.848296    0    0
-4.837849    0    0
-4.858246    0    0
-4.868694    0    0
-4.848296    0    0
-4.837852    0    0
-4.858248    0    0
-4.8687    0    0
-4.848293    0    0
-4.837851    0    0
-4.858242    0    0
-4.868688    0    0
-4.848289    0    0
-4.837849    0    0
-4.858241    0    0
-4.868685    0    0
-4.848291    0    0
-4.837844    0    0
-4.858242    0    0
-4.868687    0    0
-4.84829    0    0
-4.837837    0    0
-4.858244    0    0
-4.868688    0    0
-4.848294    0    0
-4.83785    0    0
-4.858243    0    0
-4.868692    0    0
-4.848293    0    0
-4.837851    0    0
-4.858246    0    0
-4.86869    0    0
-4.848297    0    0
-4.837851    0    0
-4.858246    0    0
-4.868686    0    0
-4.848296    0    0
-4.837847    0    0
-4.858244    0    0
-4.86869    0    0
-4.848294    0    0
-4.837848    0    0
-4.858244    0    0
-4.86869    0    0
-4.848295    0    0
-4.837851    0    0
-4.858245    0    0
-4.868694    0    0
-4.848295    0    0
-4.837849    0    0
-4.858248    0    0
-4.868694    0    0
-4.848297    0    0
-4.837849    0    0
-4.858248    0    0
-4.868692    0    0
-4.848297    0    0
-4.837851    0    0
-4.858249    0    0
-4.868696    0    0
-4.848299    0    0
-4.837857    0    0
-4.858253    0    0
-4.8687    0    0
-4.848299    0    0
-4.837851    0    0
-4.85825    0    0
-4.868695    0    0
-4.848299    0    0
-4.837854    0    0
-4.85825    0    0
-4.868697    0    0
-4.848299    0    0
-4.837856    0    0
-4.85825    0    0
-4.868696    0    0
-4.848299    0    0
-4.837854    0    0
-4.85825    0    0
-4.868695    0    0
-4.8483    0    0
-4.837852    0    0
-4.858248    0    0
-4.868697    0    0
-4.848297    0    0
-4.837852    0    0
-4.858247    0    0
-4.868691    0    0
-4.848298    0    0
-4.837849    0    0
-4.858248    0    0
-4.868694    0    0
-4.848297    0    0
-4.837853    0    0
-4.858249    0    0
-4.868698    0    0
-4.848299    0    0
-4.837852    0    0
-4.858251    0    0
-4.868698    0    0
-4.848301    0    0
-4.837854    0    0
-4.85825    0    0
-4.868694    0    0
-4.848298    0    0
-4.837851    0    0
-4.858246    0    0
-4.868694    0    0
-4.848293    0    0
-4.837848    0    0
-4.858245    0    0
-4.86869    0    0
-4.848295    0    0
-4.837847    0    0
-4.858246    0    0
-4.868689    0    0
-4.848295    0    0
-4.837851    0    0
-4.858247    0    0
-4.868696    0    0
-4.848297    0    0
-4.837852    0    0
-4.858248    0    0
-4.868692    0    0
-4.848299    0    0
-4.837854    0    0
-4.85825    0    0
-4.868694    0    0
-4.848301    0    0
-4.837854    0    0
-4.85825    0    0
-4.868691    0    0
-4.848299    0    0
-4.837851    0    0
-4.858248    0    0
-4.868695    0    0
-4.848297    0    0
-4.837851    0    0
-4.858249    0    0
-4.868695    0    0
-4.848299    0    0
-4.837856    0    0
-4.85825    0    0
-4.868698    0    0
-4.848299    0    0
-4.837854    0    0
-4.858253    0    0
-4.868698    0    0
-4.8483    0    0
-4.837852    0    0
-4.85825    0    0
-4.868699    0    0
-4.848301    0    0
-4.837858    0    0
-4.858252    0    0
-4.868708    0    0
-4.848303    0    0
-4.837862    0    0
-4.858255    0    0
-4.868703    0    0
-4.848303    0    0
-4.837854    0    0
-4.858253    0    0
-4.868699    0    0
-4.848303    0    0
-4.837855    0    0
-4.858255    0    0
-4.868702    0    0
-4.848303    0    0
-4.83786    0    0
-4.858253    0    0
-4.868704    0    0
-4.848302    0    0
-4.83786    0    0
-4.858253    0    0
-4.8687    0    0
-4.848302    0    0
-4.837856    0    0
-4.858253    0    0
-4.868698    0    0
-4.848301    0    0
-4.837852    0    0
-4.858252    0    0
-4.868699    0    0
-4.848302    0    0
-4.837852    0    0
-4.858252    0    0
-4.868697    0    0
-4.848301    0    0
-4.837859    0    0
-4.858253    0    0
-4.8687    0    0
-4.848303    0    0
-4.83786    0    0
-4.858253    0    0
-4.868702    0    0
-4.848305    0    0
-4.837861    0    0
-4.858253    0    0
-4.8687    0    0
-4.8483    0    0
-4.837854    0    0
-4.858248    0    0
-4.868698    0    0
-4.848299    0    0
-4.837851    0    0
-4.85825    0    0
-4.868696    0    0
-4.848299    0    0
-4.83785    0    0
-4.85825    0    0
-4.86869    0    0
-4.848299    0    0
-4.837853    0    0
-4.858252    0    0
-4.8687    0    0
-4.848301    0    0
-4.837855    0    0
-4.858252    0    0
-4.868702    0    0
-4.848303    0    0
-4.837857    0    0
-4.858255    0    0
-4.868697    0    0
-4.848305    0    0
-4.837851    0    0
-4.858255    0    0
-4.8687    0    0
-4.848301    0    0
-4.837856    0    0
-4.858252    0    0
-4.868698    0    0
-4.848301    0    0
-4.837857    0    0
-4.858252    0    0
-4.868702    0    0
-4.848302    0    0
-4.83786    0    0
-4.858253    0    0
-4.868706    0    0
-4.848303    0    0
-4.83786    0    0
-4.858255    0    0
-4.868702    0    0
-4.848305    0    0
-4.837858    0    0
-4.858253    0    0
-4.868702    0    0
-4.848305    0    0
-4.837863    0    0
-4.858255    0    0
-4.868706    0    0
-4.84831    0    0
-4.837864    0    0
-4.858259    0    0
-4.868704    0    0
-4.848307    0    0
-4.837858    0    0
-4.858257    0    0
-4.868701    0    0
-4.848308    0    0
-4.837864    0    0
-4.858257    0    0
-4.868705    0    0
-4.848307    0    0
-4.837867    0    0
-4.858255    0    0
-4.868706    0    0
-4.848307    0    0
-4.837862    0    0
-4.858257    0    0
-4.8687    0    0
-4.848307    0    0
-4.837864    0    0
-4.858254    0    0
-4.868698    0    0
-4.848305    0    0
-4.837858    0    0
-4.858255    0    0
-4.8687    0    0
-4.848305    0    0
-4.837856    0    0
-4.858255    0    0
-4.868704    0    0
-4.848305    0    0
-4.83786    0    0
-4.858257    0    0
-4.868703    0    0
-4.848307    0    0
-4.837866    0    0
-4.858257    0    0
-4.868708    0    0
-4.848307    0    0
-4.837862    0    0
-4.858256    0    0
-4.868702    0    0
-4.848303    0    0
-4.837859    0    0
-4.85825    0    0
-4.868696    0    0
-4.848303    0    0
-4.837856    0    0
-4.858253    0    0
-4.868699    0    0
-4.848303    0    0
-4.837854    0    0
-4.858253    0    0
-4.868698    0    0
-4.848304    0    0
-4.837858    0    0
-4.858255    0    0
-4.868698    0    0
-4.848307    0    0
-4.837862    0    0
-4.858255    0    0
-4.868705    0    0
-4.848307    0    0
-4.837863    0    0
-4.858257    0    0
-4.8687    0    0
-4.848308    0    0
-4.83786    0    0
-4.858257    0    0
-4.868702    0    0
-4.848305    0    0
-4.837861    0    0
-4.858256    0    0
-4.868701    0    0
-4.848305    0    0
-4.837857    0    0
-4.858257    0    0
-4.868706    0    0
-4.848307    0    0
-4.837865    0    0
-4.858257    0    0
-4.868706    0    0
-4.848309    0    0
-4.837863    0    0
-4.858259    0    0
-4.868702    0    0
-4.848309    0    0
-4.837865    0    0
-4.858257    0    0
-4.868708    0    0
-4.848309    0    0
-4.837866    0    0
-4.858262    0    0
-4.868711    0    0
-4.848312    0    0
-4.83787    0    0
-4.85826    0    0
-4.868706    0    0
-4.848311    0    0
-4.837865    0    0
-4.858261    0    0
-4.86871    0    0
-4.84831    0    0
-4.837869    0    0
-4.858259    0    0
-4.868708    0    0
-4.848312    0    0
-4.83787    0    0
-4.858259    0    0
-4.868704    0    0
-4.848311    0    0
-4.837865    0    0
-4.858261    0    0
-4.868702    0    0
-4.84831    0    0
-4.837864    0    0
-4.858259    0    0
-4.868706    0    0
-4.848309    0    0
-4.837862    0    0
-4.858261    0    0
-4.868704    0    0
-4.84831    0    0
-4.837862    0    0
-4.858259    0    0
-4.868711    0    0
-4.848309    0    0
-4.837865    0    0
-4.858261    0    0
-4.868709    0    0
-4.84831    0    0
-4.83787    0    0
-4.858263    0    0
-4.868711    0    0
-4.84831    0    0
-4.837864    0    0
-4.858259    0    0
-4.868706    0    0
-4.848305    0    0
-4.837861    0    0
-4.858257    0    0
-4.868704    0    0
-4.848306    0    0
-4.83786    0    0
-4.858257    0    0
-4.8687    0    0
-4.848307    0    0
-4.837858    0    0
-4.858256    0    0
-4.868702    0    0
-4.848309    0    0
-4.837864    0    0
-4.858259    0    0
-4.868708    0    0
-4.848308    0    0
-4.837865    0    0
-4.858261    0    0
-4.868706    0    0
-4.848312    0    0
-4.837864    0    0
-4.858263    0    0
-4.868708    0    0
-4.848311    0    0
-4.837862    0    0
-4.858261    0    0
-4.868705    0    0
-4.848309    0    0
-4.837864    0    0
-4.858259    0    0
-4.868708    0    0
-4.848309    0    0
-4.837864    0    0
-4.858262    0    0
-4.86871    0    0
-4.84831    0    0
-4.837864    0    0
-4.858263    0    0
-4.868711    0    0
-4.848312    0    0
-4.837862    0    0
-4.858263    0    0
-4.868706    0    0
-4.84831    0    0
-4.837866    0    0
-4.858263    0    0
-4.86871    0    0
-4.848314    0    0
-4.837876    0    0
-4.858266    0    0
-4.868715    0    0
-4.848316    0    0
-4.837868    0    0
-4.858265    0    0
-4.868711    0    0
-4.848314    0    0
-4.837866    0    0
-4.858265    0    0
-4.868713    0    0
-4.848315    0    0
-4.837872    0    0
-4.858265    0    0
-4.868712    0    0
-4.848314    0    0
-4.837873    0    0
-4.858263    0    0
-4.868712    0    0
-4.848314    0    0
-4.837866    0    0
-4.858266    0    0
-4.868716    0    0
-4.848311    0    0
-4.837868    0    0
-4.858263    0    0
-4.868709    0    0
-4.848312    0    0
-4.837868    0    0
-4.858263    0    0
-4.868706    0    0
-4.848312    0    0
-4.837866    0    0
-4.858264    0    0
-4.868709    0    0
-4.848315    0    0
-4.837868    0    0
-4.858265    0    0
-4.868713    0    0
-4.848315    0    0
-4.837872    0    0
-4.858267    0    0
-4.868719    0    0
-4.848312    0    0
-4.83787    0    0
-4.858261    0    0
-4.868707    0    0
-4.848309    0    0
-4.837868    0    0
-4.85826    0    0
-4.868704    0    0
-4.84831    0    0
-4.837863    0    0
-4.858261    0    0
-4.868706    0    0
-4.84831    0    0
-4.837856    0    0
-4.858263    0    0
-4.868707    0    0
-4.848313    0    0
-4.837869    0    0
-4.858262    0    0
-4.868711    0    0
-4.848312    0    0
-4.83787    0    0
-4.858265    0    0
-4.86871    0    0
-4.848316    0    0
-4.83787    0    0
-4.858265    0    0
-4.868705    0    0
-4.848315    0    0
-4.837866    0    0
-4.858263    0    0
-4.86871    0    0
-4.848313    0    0
-4.837867    0    0
-4.858263    0    0
-4.86871    0    0
-4.848314    0    0
-4.83787    0    0
-4.858264    0    0
-4.868713    0    0
-4.848314    0    0
-4.837868    0    0
-4.858267    0    0