0.03750695
0.03750695
331.4156
331.4156
786.6253
786.6253
1370.85
1370.85
2012.747
2012.747
2485.33
2485.33
2239.918
2239.918
855.3919
855.3919
162.3358
162.3358
1947.081
1947.081
2914.741
2914.741
2711.718
2711.718
2119.735
2119.735
1527.346
1527.346
1043.797
1043.797
681.3925
681.3925
425.5563
425.5563
256.2444
256.2444
153.1847
153.1847
96.86604
96.86604
69.71397
69.71397
58.22354
58.22354
54.12294
54.12294
53.25748
53.25748
53.7753
53.7753
54.91596
54.91596
56.35503
56.35503
57.96125
57.96125
59.6727
59.6727
61.45872
61.45872
63.29424
63.29424
65.142
65.142
66.91241
66.91241
68.44254
68.44254
69.41313
69.41313
69.17262
69.17262
66.41668
66.41668
58.52176
58.52176
43.78204
43.78204
10479.63
10479.63
6946.248
6946.248
5488.133
5488.133
5091.06
5091.06
4902.087
4902.087
4108.925
4108.925
3201.987
3201.987
2435.455
2435.455
1832.759
1832.759
1369.556
1369.556
1017.379
1017.379
752.2556
752.2556
555.3856
555.3856
411.8028
411.8028
309.6052
309.6052
238.9583
238.9583
191.7585
191.7585
161.4408
161.4408
142.8586
142.8586
132.168
132.168
126.6537
126.6537
124.5193
124.5193
124.5554
124.5554
125.9911
125.9911
128.3075
128.3075
131.1694
131.1694
134.3212
134.3212
137.555
137.555
140.6671
140.6671
143.4165
143.4165
145.5313
145.5313
146.6339
146.6339
146.2241
146.2241
143.572
143.572
159.0115
159.0115
410.9037
410.9037
761.1863
761.1863
1249.122
1249.122
1916.997
1916.997
2564.071
2564.071
1222.958
1222.958
10992.91
10992.91
6487.415
6487.415
3597.212
3597.212
324.4171
324.4171
941.5023
941.5023
1348.806
1348.806
2033.071
2033.071
2725.184
2725.184
3384.53
3384.53
4000.479
4000.479
4572.333
4572.333
5025.403
5025.403
5023.058
5023.058
5021.216
5021.216
5019.725
5019.725
5018.51
5018.51
5017.505
5017.505
5016.659
5016.659
5015.946
5015.946
5015.337
5015.337
5014.816
5014.816
5014.377
5014.377
5013.998
5013.998
5013.676
5013.676
5013.511
5013.511
5015.728
5015.728
5018.418
5018.418
5021.804
5021.804
5026.139
5026.139
5031.757
5031.757
5039.015
5039.015
5047.884
5047.884
5055.088
5055.088
5040.663
5040.663
4573.884
4573.884
517.0096
517.0096
6593.038
6593.038
5615.99
5615.99
5147.964
5147.964
4996.26
4996.26
4395.854
4395.854
3483.231
3483.231
2660.438
2660.438
1997
1997
1480.651
1480.651
1085.124
1085.124
786.006
786.006
563.5024
563.5024
401.5612
401.5612
287.0731
287.0731
208.9738
208.9738
157.7599
157.7599
125.3107
125.3107
104.9699
104.9699
91.41406
91.41406
80.25443
80.25443
67.18541
67.18541
48.42511
48.42511
3188.607
3188.607
7456.737
7456.737
5615.941
5615.941
5127.587
5127.587
4967.662
4967.662
4259.117
4259.117
3342.115
3342.115
2548.466
2548.466
1920.33
1920.33
1436.396
1436.396
1067.861
1067.861
789.9502
789.9502
583.0806
583.0806
431.738
431.738
323.5401
323.5401
248.3529
248.3529
197.8525
197.8525
165.2096
165.2096
145.0285
145.0285
133.27
133.27
127.0785
127.0785
124.4805
124.4805
124.2002
124.2002
125.3995
125.3995
127.5298
127.5298
130.2135
130.2135
133.172
133.172
136.1755
136.1755
138.9751
138.9751
141.3077
141.3077
142.8267
142.8267
143.0874
143.0874
141.4323
141.4323
136.9389
136.9389
128.1577
128.1577
112.7707
112.7707
87.02609
87.02609
57.39707
57.39707
10850.32
10850.32
6520.059
6520.059
5378.178
5378.178
1756.024
1756.024
1.743619
1.743619
96.4063
96.4063
139.0827
139.0827
149.5122
149.5122
4893.157
4893.157
1345.732
1345.732
2191.756
2191.756
133.0727
133.0727
14.42035
14.42035
52.59892
52.59892
17.54823
17.54823
39.60325
39.60325
16.46519
16.46519
39.23092
39.23092
17.27365
17.27365
36.3899
36.3899
17.90813
17.90813
33.50487
33.50487
18.42742
18.42742
31.80109
31.80109
19.01565
19.01565
30.75308
30.75308
19.69987
19.69987
29.01674
29.01674
20.24961
20.24961
27.9376
27.9376
20.67134
20.67134
27.16396
27.16396
20.94099
20.94099
26.46881
26.46881
21.52173
21.52173
25.82173
25.82173
22.09178
22.09178
25.33243
25.33243
22.26068
22.26068
25.18279
25.18279
22.45756
22.45756
24.7515
24.7515
22.89261
22.89261
24.40197
24.40197
22.9226
22.9226
24.54838
24.54838
22.98539
22.98539
23.94964
23.94964
23.69045
23.69045
23.7362
23.7362
23.36525
23.36525
23.98102
23.98102
23.53422
23.53422
23.77271
23.77271
23.60362
23.60362
23.84666
23.84666
23.52049
23.52049
23.81512
23.81512
23.8246
23.8246
23.83732
23.83732
23.56608
23.56608
23.79481
23.79481
23.4921
23.4921
23.8254
23.8254
23.62909
23.62909
23.725
23.725
23.60457
23.60457
23.81041
23.81041
23.41296
23.41296
23.74525
23.74525
23.6319
23.6319
23.59723
23.59723
23.50739
23.50739
23.64643
23.64643
23.5989
23.5989
23.68819
23.68819
23.8319
23.8319
23.59465
23.59465
23.4784
23.4784
23.85252
23.85252
23.71078
23.71078
23.35509
23.35509
23.60915
23.60915
23.72909
23.72909
23.59426
23.59426
23.78208
23.78208
23.57606
23.57606
23.69646
23.69646
23.46791
23.46791
23.72055
23.72055
23.47462
23.47462
23.62288
23.62288
23.59372
23.59372
23.81595
23.81595
23.56674
23.56674
23.85124
23.85124
23.57383
23.57383
23.80696
23.80696
23.78486
23.78486
23.63347
23.63347
23.59542
23.59542
23.77215
23.77215
23.40218
23.40218
23.91152
23.91152
23.59246
23.59246
23.47637
23.47637
23.73176
23.73176
23.81089
23.81089
23.47806
23.47806
23.94253
23.94253
23.35187
23.35187
23.80378
23.80378
23.75484
23.75484
24.02117
24.02117
23.63912
23.63912
23.478
23.478
23.63173
23.63173
23.47462
23.47462
23.56913
23.56913
23.66118
23.66118
23.72035
23.72035
23.88744
23.88744
23.48158
23.48158
24.02151
24.02151
23.40086
23.40086
23.93487
23.93487
23.67482
23.67482
23.54737
23.54737
23.79737
23.79737
23.53614
23.53614
24.021
24.021
23.66146
23.66146
23.67178
23.67178
23.73638
23.73638
23.59966
23.59966
23.50723
23.50723
23.71333
23.71333
23.40852
23.40852
23.59385
23.59385
23.80351
23.80351
23.63288
23.63288
23.58443
23.58443
23.48699
23.48699
23.84845
23.84845
23.6521
23.6521
23.71557
23.71557
23.73594
23.73594
23.76988
23.76988
23.56078
23.56078
23.79951
23.79951
23.47031
23.47031
23.94506
23.94506
23.74473
23.74473
23.61393
23.61393
23.6152
23.6152
23.93406
23.93406
23.501
23.501
23.93399
23.93399
23.64118
23.64118
23.68933
23.68933
23.68493
23.68493
23.73048
23.73048
23.69463
23.69463
23.59239
23.59239
23.74254
23.74254
23.59378
23.59378
23.42898
23.42898
23.75088
23.75088
23.54227
23.54227
23.7219
23.7219
23.3793
23.3793
23.73427
23.73427
23.49243
23.49243
23.77045
23.77045
23.69684
23.69684
23.5895
23.5895
23.81122
23.81122
23.44522
23.44522
23.72213
23.72213
23.73395
23.73395
23.50771
23.50771
23.61746
23.61746
23.76623
23.76623
23.4633
23.4633
23.76547
23.76547
23.48627
23.48627
23.72133
23.72133
23.80577
23.80577
23.5349
23.5349
23.60839
23.60839
23.39207
23.39207
23.63944
23.63944
23.53668
23.53668
23.53254
23.53254
23.60258
23.60258
23.71193
23.71193
23.50281
23.50281
24.08864
24.08864
23.4342
23.4342
23.72494
23.72494
23.73167
23.73167
23.59629
23.59629
23.60959
23.60959
23.83709
23.83709
23.45855
23.45855
24.07615
24.07615
23.49356
23.49356
23.56717
23.56717
23.33085
23.33085
23.6015
23.6015
23.73134
23.73134
23.70741
23.70741
23.7581
23.7581
23.63098
23.63098
23.66169
23.66169
23.59619
23.59619
23.44667
23.44667
23.8339
23.8339
23.31827
23.31827
23.92876
23.92876
23.45352
23.45352
23.71622
23.71622
23.83077
23.83077
23.70835
23.70835
23.73833
23.73833
23.26323
23.26323
23.76294
23.76294
23.73136
23.73136
23.60738
23.60738
23.7086
23.7086
23.76554
23.76554
23.48819
23.48819
24.08731
24.08731
23.66386
23.66386
23.59551
23.59551
23.71929
23.71929
23.70846
23.70846
23.75696
23.75696
23.46327
23.46327
23.7015
23.7015
23.59448
23.59448
23.6088
23.6088
23.60759
23.60759
23.72413
23.72413
23.46588
23.46588
23.80519
23.80519
23.48507
23.48507
23.6027
23.6027
23.71915
23.71915
23.66996
23.66996
23.45366
23.45366
23.76682
23.76682
23.41664
23.41664
23.74456
23.74456
23.60822
23.60822
23.60548
23.60548
23.44051
23.44051
23.65395
23.65395
23.78565
23.78565
23.5731
23.5731
23.75755
23.75755
23.8319
23.8319
23.5412
23.5412
23.62765
23.62765
23.47462
23.47462
23.92389
23.92389
23.6335
23.6335
23.84331
23.84331
23.33635
23.33635
23.55648
23.55648
23.73541
23.73541
23.52688
23.52688
23.81264
23.81264
23.6359
23.6359
23.58287
23.58287
23.63731
23.63731
23.58165
23.58165
23.73452
23.73452
23.79353
23.79353
23.54868
23.54868
23.8116
23.8116
23.59597
23.59597
23.4784
23.4784
23.62916
23.62916
23.74597
23.74597
23.75737
23.75737
23.4871
23.4871
23.68513
23.68513
23.62964
23.62964
23.58394
23.58394
23.47698
23.47698
23.82325
23.82325
23.39542
23.39542
23.81492
23.81492
23.44163
23.44163
23.51929
23.51929
23.60865
23.60865
23.71163
23.71163
23.34026
23.34026
23.78131
23.78131
23.30532
23.30532
23.6821
23.6821
23.63136
23.63136
23.65573
23.65573
23.59669
23.59669
23.60538
23.60538
23.67072
23.67072
23.48684
23.48684
23.68884
23.68884
23.86042
23.86042
23.62655
23.62655
23.86118
23.86118
23.48198
23.48198
23.94591
23.94591
23.50216
23.50216
23.86919
23.86919
23.53811
23.53811
23.55929
23.55929
23.65884
23.65884
23.46885
23.46885
23.95
23.95
23.47882
23.47882
23.56768
23.56768
23.79703
23.79703
23.54388
23.54388
23.47831
23.47831
23.84823
23.84823
23.32222
23.32222
23.64344
23.64344
23.62288
23.62288
23.59372
23.59372
23.81595
23.81595
23.56674
23.56674
23.85124
23.85124
23.57383
23.57383
23.80696
23.80696
23.78486
23.78486
23.63347
23.63347
23.59542
23.59542
23.77215
23.77215
23.40218
23.40218
23.91152
23.91152
23.59246
23.59246
23.47637
23.47637
23.73176
23.73176
23.81089
23.81089
23.47806
23.47806
23.94253
23.94253
23.35187
23.35187
23.80378
23.80378
23.75484
23.75484
24.02117
24.02117
23.63912
23.63912
23.478
23.478
23.63173
23.63173
23.47462
23.47462
23.56913
23.56913
23.66118
23.66118
23.72035
23.72035
23.88744
23.88744
23.48158
23.48158
24.02151
24.02151
23.40086
23.40086
23.93487
23.93487
23.67482
23.67482
23.54737
23.54737
23.79737
23.79737
23.53614
23.53614
24.021
24.021
23.66146
23.66146
23.67178
23.67178
23.73638
23.73638
23.59966
23.59966
23.50723
23.50723
23.71333
23.71333
23.40852
23.40852
23.59385
23.59385
23.80351
23.80351
23.63288
23.63288
23.58443
23.58443
23.48699
23.48699
23.84845
23.84845
23.6521
23.6521
23.71557
23.71557
23.73594
23.73594
23.76988
23.76988
23.56078
23.56078
23.79951
23.79951
23.47031
23.47031
23.94506
23.94506
23.74473
23.74473
23.61393
23.61393
23.6152
23.6152
23.93406
23.93406
23.501
23.501
23.93399
23.93399
23.64118
23.64118
23.68933
23.68933
23.68493
23.68493
23.73048
23.73048
23.69463
23.69463
23.59239
23.59239
23.74254
23.74254
23.59378
23.59378
23.42898
23.42898
23.75088
23.75088
23.54227
23.54227
23.7219
23.7219
23.3793
23.3793
23.73427
23.73427
23.49243
23.49243
23.77045
23.77045
23.69684
23.69684
23.5895
23.5895
23.81122
23.81122
23.44522
23.44522
23.72213
23.72213
23.73395
23.73395
23.50771
23.50771
23.61746
23.61746
23.76623
23.76623
23.4633
23.4633
23.76547
23.76547
23.48627
23.48627
23.72133
23.72133
23.80577
23.80577
23.5349
23.5349
23.60839
23.60839
23.39207
23.39207
23.63944
23.63944
23.53668
23.53668
23.53254
23.53254
23.60258
23.60258
23.71193
23.71193
23.50281
23.50281
24.08864
24.08864
23.4342
23.4342
23.72494
23.72494
23.73167
23.73167
23.59629
23.59629
23.60959
23.60959
23.83709
23.83709
23.45855
23.45855
24.07615
24.07615
23.49356
23.49356
23.56717
23.56717
23.33085
23.33085
23.6015
23.6015
23.73134
23.73134
23.70741
23.70741
23.7581
23.7581
23.63098
23.63098
23.66169
23.66169
23.59619
23.59619
23.44667
23.44667
23.8339
23.8339
23.31827
23.31827
23.92876
23.92876
23.45352
23.45352
23.71622
23.71622
23.83077
23.83077
23.70835
23.70835
23.73833
23.73833
23.26323
23.26323
23.76294
23.76294
23.73136
23.73136
23.60738
23.60738
23.7086
23.7086
23.76554
23.76554
23.48819
23.48819
24.08731
24.08731
23.66386
23.66386
23.59551
23.59551
23.71929
23.71929
23.70846
23.70846
23.75696
23.75696
23.46327
23.46327
23.7015
23.7015
23.59448
23.59448
23.6088
23.6088
23.60759
23.60759
23.72413
23.72413
23.46588
23.46588
23.80519
23.80519
23.48507
23.48507
23.6027
23.6027
23.71915
23.71915
23.66996
23.66996
23.45366
23.45366
23.76682
23.76682
23.41664
23.41664
23.74456
23.74456
23.60822
23.60822
23.60548
23.60548
23.44051
23.44051
23.65395
23.65395
23.78565
23.78565
23.5731
23.5731
23.75755
23.75755
23.8319
23.8319
23.5412
23.5412
23.62765
23.62765
23.47462
23.47462
23.92389
23.92389
23.6335
23.6335
23.84331
23.84331
23.33635
23.33635
23.55648
23.55648
23.73541
23.73541
23.52688
23.52688
23.81264
23.81264
23.6359
23.6359
23.58287
23.58287
23.63731
23.63731
23.58165
23.58165
23.73452
23.73452
23.79353
23.79353
23.54868
23.54868
23.8116
23.8116
23.59597
23.59597
23.4784
23.4784
23.62916
23.62916
23.74597
23.74597
23.75737
23.75737
23.4871
23.4871
23.68513
23.68513
23.62964
23.62964
23.58394
23.58394
23.47698
23.47698
23.82325
23.82325
23.39542
23.39542
23.81492
23.81492
23.44163
23.44163
23.51929
23.51929
23.60865
23.60865
23.71163
23.71163
23.34026
23.34026
23.78131
23.78131
23.30532
23.30532
23.6821
23.6821
23.63136
23.63136
23.65573
23.65573
23.59669
23.59669
23.60538
23.60538
23.67072
23.67072
23.48684
23.48684
23.68884
23.68884
23.86042
23.86042
23.62655
23.62655
23.86118
23.86118
23.48198
23.48198
23.94591
23.94591
23.50216
23.50216
23.86919
23.86919
23.53811
23.53811
23.55929
23.55929
23.65884
23.65884
23.46885
23.46885
23.95
23.95
23.47882
23.47882
23.56768
23.56768
23.79703
23.79703
23.54388
23.54388
23.47831
23.47831
23.84823
23.84823
23.32222
23.32222
23.64344
23.64344
23.62288
23.62288
23.59372
23.59372
23.81595
23.81595
23.56674
23.56674
23.85124
23.85124
23.57383
23.57383
23.80696
23.80696
23.78486
23.78486
23.63347
23.63347
23.59542
23.59542
23.77215
23.77215
23.40218
23.40218
23.91152
23.91152
23.59246
23.59246
23.47637
23.47637
23.73176
23.73176
23.81089
23.81089
23.47806
23.47806
23.94253
23.94253
23.35187
23.35187
23.80378
23.80378
23.75484
23.75484
24.02117
24.02117
23.63912
23.63912
23.478
23.478
23.63173
23.63173
23.47462
23.47462
23.56913
23.56913
23.66118
23.66118
23.72035
23.72035
23.88744
23.88744
23.48158
23.48158
24.02151
24.02151
23.40086
23.40086
23.93487
23.93487
23.67482
23.67482
23.54737
23.54737
23.79737
23.79737
23.53614
23.53614
24.021
24.021
23.66146
23.66146
23.67178
23.67178
23.73638
23.73638
23.59966
23.59966
23.50723
23.50723
23.71333
23.71333
23.40852
23.40852
23.59385
23.59385
23.80351
23.80351
23.63288
23.63288
23.58443
23.58443
23.48699
23.48699
23.84845
23.84845
23.6521
23.6521
23.71557
23.71557
23.73594
23.73594
23.76988
23.76988
23.56078
23.56078
23.79951
23.79951
23.47031
23.47031
23.94506
23.94506
23.74473
23.74473
23.61393
23.61393
23.6152
23.6152
23.93406
23.93406
23.501
23.501
23.93399
23.93399
23.64118
23.64118
23.68933
23.68933
23.68493
23.68493
23.73048
23.73048
23.69463
23.69463
23.59239
23.59239
23.74254
23.74254
23.59378
23.59378
23.42898
23.42898
23.75088
23.75088
23.54227
23.54227
23.7219
23.7219
23.3793
23.3793
23.73427
23.73427
23.49243
23.49243
23.77045
23.77045
23.69684
23.69684
23.5895
23.5895
23.81122
23.81122
23.44522
23.44522
23.72213
23.72213
23.73395
23.73395
23.50771
23.50771
23.61746
23.61746
23.76623
23.76623
23.4633
23.4633
23.76547
23.76547
23.48627
23.48627
23.72133
23.72133
23.80577
23.80577
23.5349
23.5349
23.60839
23.60839
23.39207
23.39207
23.63944
23.63944
23.53668
23.53668
23.53254
23.53254
23.60258
23.60258
23.71193
23.71193
23.50281
23.50281
24.08864
24.08864
23.4342
23.4342
23.72494
23.72494
23.73167
23.73167
23.59629
23.59629
23.60959
23.60959
23.83709
23.83709
23.45855
23.45855
24.07615
24.07615
23.49356
23.49356
23.56717
23.56717
23.33085
23.33085
23.6015
23.6015
23.73134
23.73134
23.70741
23.70741
23.7581
23.7581
23.63098
23.63098
23.66169
23.66169
23.59619
23.59619
23.44667
23.44667
23.8339
23.8339
23.31827
23.31827
23.92876
23.92876
23.45352
23.45352
23.71622
23.71622
23.83077
23.83077
23.70835
23.70835
23.73833
23.73833
23.26323
23.26323
23.76294
23.76294
23.73136
23.73136
23.60738
23.60738
23.7086
23.7086
23.76554
23.76554
23.48819
23.48819
24.08731
24.08731
23.66386
23.66386
23.59551
23.59551
23.71929
23.71929
23.70846
23.70846
23.75696
23.75696
23.46327
23.46327
23.7015
23.7015
23.59448
23.59448
23.6088
23.6088
23.60759
23.60759
23.72413
23.72413
23.46588
23.46588
23.80519
23.80519
23.48507
23.48507
23.6027
23.6027
23.71915
23.71915
23.66996
23.66996
23.45366
23.45366
23.76682
23.76682
23.41664
23.41664
23.74456
23.74456
23.60822
23.60822
23.60548
23.60548
23.44051
23.44051
23.65395
23.65395
23.78565
23.78565
23.5731
23.5731
23.75755
23.75755
23.8319
23.8319
23.5412
23.5412
23.62765
23.62765
23.47462
23.47462
23.92389
23.92389
23.6335
23.6335
23.84331
23.84331
23.33635
23.33635
23.55648
23.55648
23.73541
23.73541
23.52688
23.52688
23.81264
23.81264
23.6359
23.6359
23.58287
23.58287
23.63731
23.63731
23.58165
23.58165
23.73452
23.73452
23.79353
23.79353
23.54868
23.54868
23.8116
23.8116
23.59597
23.59597
23.4784
23.4784
23.62916
23.62916
23.74597
23.74597
23.75737
23.75737
23.4871
23.4871
23.68513
23.68513
23.62964
23.62964
23.58394
23.58394
23.47698
23.47698
23.82325
23.82325
23.39542
23.39542
23.81492
23.81492
23.44163
23.44163
23.51929
23.51929
23.60865
23.60865
23.71163
23.71163
23.34026
23.34026
23.78131
23.78131
23.30532
23.30532
23.6821
23.6821
23.63136
23.63136
23.65573
23.65573
23.59669
23.59669
23.60538
23.60538
23.67072
23.67072
23.48684
23.48684
23.68884
23.68884
23.86042
23.86042
23.62655
23.62655
23.86118
23.86118
23.48198
23.48198
23.94591
23.94591
23.50216
23.50216
23.86919
23.86919
23.53811
23.53811
23.55929
23.55929
23.65884
23.65884
23.46885
23.46885
23.95
23.95
23.47882
23.47882
23.56768
23.56768
23.79703
23.79703
23.54388
23.54388
23.47831
23.47831
23.84823
23.84823
23.32222
23.32222
23.64344
23.64344
23.62288
23.62288
23.59372
23.59372
23.81595
23.81595
23.56674
23.56674
23.85124
23.85124
23.57383
23.57383
23.80696
23.80696
23.78486
23.78486
23.63347
23.63347
23.59542
23.59542
23.77215
23.77215
23.40218
23.40218
23.91152
23.91152
23.59246
23.59246
23.47637
23.47637
23.73176
23.73176
23.81089
23.81089
23.47806
23.47806
23.94253
23.94253
23.35187
23.35187
23.80378
23.80378
23.75484
23.75484
24.02117
24.02117
23.63912
23.63912
23.478
23.478
23.63173
23.63173
23.47462
23.47462
23.56913
23.56913
23.66118
23.66118
23.72035
23.72035
23.88744
23.88744
23.48158
23.48158
24.02151
24.02151
23.40086
23.40086
23.93487
23.93487
23.67482
23.67482
23.54737
23.54737
23.79737
23.79737
23.53614
23.53614
24.021
24.021
23.66146
23.66146
23.67178
23.67178
23.73638
23.73638
23.59966
23.59966
23.50723
23.50723
23.71333
23.71333
23.40852
23.40852
23.59385
23.59385
23.80351
23.80351
23.63288
23.63288
23.58443
23.58443
23.48699
23.48699
23.84845
23.84845
23.6521
23.6521
23.71557
23.71557
23.73594
23.73594
23.76988
23.76988
23.56078
23.56078
23.79951
23.79951
23.47031
23.47031
23.94506
23.94506
23.74473
23.74473
23.61393
23.61393
23.6152
23.6152
23.93406
23.93406
23.501
23.501
23.93399
23.93399
23.64118
23.64118
23.68933
23.68933
23.68493
23.68493
23.73048
23.73048
23.69463
23.69463
23.59239
23.59239
23.74254
23.74254
23.59378
23.59378
23.42898
23.42898
23.75088
23.75088
23.54227
23.54227
23.7219
23.7219
23.3793
23.3793
23.73427
23.73427
23.49243
23.49243
23.77045
23.77045
23.69684
23.69684
23.5895
23.5895
23.81122
23.81122
23.44522
23.44522
23.72213
23.72213
23.73395
23.73395
23.50771
23.50771
23.61746
23.61746
23.76623
23.76623
23.4633
23.4633
23.76547
23.76547
23.48627
23.48627
23.72133
23.72133
23.80577
23.80577
23.5349
23.5349
23.60839
23.60839
23.39207
23.39207
23.63944
23.63944
23.53668
23.53668
23.53254
23.53254
23.60258
23.60258
23.71193
23.71193
23.50281
23.50281
24.08864
24.08864
23.4342
23.4342
23.72494
23.72494
23.73167
23.73167
23.59629
23.59629
23.60959
23.60959
23.83709
23.83709
23.45855
23.45855
24.07615
24.07615
23.49356
23.49356
23.56717
23.56717
23.33085
23.33085
23.6015
23.6015
23.73134
23.73134
23.70741
23.70741
23.7581
23.7581
23.63098
23.63098
23.66169
23.66169
23.59619
23.59619
23.44667
23.44667
23.8339
23.8339
23.31827
23.31827
23.92876
23.92876
23.45352
23.45352
23.71622
23.71622
23.83077
23.83077
23.70835
23.70835
23.73833
23.73833
23.26323
23.26323
23.76294
23.76294
23.73136
23.73136
23.60738
23.60738
23.7086
23.7086
23.76554
23.76554
23.48819
23.48819
24.08731
24.08731
23.66386
23.66386
23.59551
23.59551
23.71929
23.71929
23.70846
23.70846
23.75696
23.75696
23.46327
23.46327
23.7015
23.7015
23.59448
23.59448
23.6088
23.6088
23.60759
23.60759
23.72413
23.72413
23.46588
23.46588
23.80519
23.80519
23.48507
23.48507
23.6027
23.6027
23.71915
23.71915
23.66996
23.66996
23.45366
23.45366
23.76682
23.76682
23.41664
23.41664
23.74456
23.74456
23.60822
23.60822
23.60548
23.60548
23.44051
23.44051
23.65395
23.65395
23.78565
23.78565
23.5731
23.5731
23.75755
23.75755
23.8319
23.8319
23.5412
23.5412
23.62765
23.62765
23.47462
23.47462
23.92389
23.92389
23.6335
23.6335
23.84331
23.84331
23.33635
23.33635
23.55648
23.55648
23.73541
23.73541
23.52688
23.52688
23.81264
23.81264
23.6359
23.6359
23.58287
23.58287
23.63731
23.63731
23.58165
23.58165
23.73452
23.73452
23.79353
23.79353
23.54868
23.54868
23.8116
23.8116
23.59597
23.59597
23.4784
23.4784
23.62916
23.62916
23.74597
23.74597
23.75737
23.75737
23.4871
23.4871
23.68513
23.68513
23.62964
23.62964
23.58394
23.58394
23.47698
23.47698
23.82325
23.82325
23.39542
23.39542
23.81492
23.81492
23.44163
23.44163
23.51929
23.51929
23.60865
23.60865
23.71163
23.71163
23.34026
23.34026
23.78131
23.78131
23.30532
23.30532
23.6821
23.6821
23.63136
23.63136
23.65573
23.65573
23.59669
23.59669
23.60538
23.60538
23.67072
23.67072
23.48684
23.48684
23.68884
23.68884
23.86042
23.86042
23.62655
23.62655
23.86118
23.86118
23.48198
23.48198
23.94591
23.94591
23.50216
23.50216
23.86919
23.86919
23.53811
23.53811
23.55929
23.55929
23.65884
23.65884
23.46885
23.46885
23.95
23.95
23.47882
23.47882
23.56768
23.56768
23.79703
23.79703
23.54388
23.54388
23.47831
23.47831
23.84823
23.84823
23.32222
23.32222
23.64344
23.64344
23.62288
23.62288
23.59372
23.59372
23.81595
23.81595
23.56674
23.56674
23.85124
23.85124
23.57383
23.57383
23.80696
23.80696
23.78486
23.78486
23.63347
23.63347
23.59542
23.59542
23.77215
23.77215
23.40218
23.40218
23.91152
23.91152
23.59246
23.59246
23.47637
23.47637
23.73176
23.73176
23.81089
23.81089
23.47806
23.47806
23.94253
23.94253
23.35187
23.35187
23.80378
23.80378
23.75484
23.75484
24.02117
24.02117
23.63912
23.63912
23.478
23.478
23.63173
23.63173
23.47462
23.47462
23.56913
23.56913
23.66118
23.66118
23.72035
23.72035
23.88744
23.88744
23.48158
23.48158
24.02151
24.02151
23.40086
23.40086
23.93487
23.93487
23.67482
23.67482
23.54737
23.54737
23.79737
23.79737
23.53614
23.53614
24.021
24.021
23.66146
23.66146
23.67178
23.67178
23.73638
23.73638
23.59966
23.59966
23.50723
23.50723
23.71333
23.71333
23.40852
23.40852
23.59385
23.59385
23.80351
23.80351
23.63288
23.63288
23.58443
23.58443
23.48699
23.48699
23.84845
23.84845
23.6521
23.6521
23.71557
23.71557
23.73594
23.73594
23.76988
23.76988
23.56078
23.56078
23.79951
23.79951
23.47031
23.47031
23.94506
23.94506
23.74473
23.74473
23.61393
23.61393
23.6152
23.6152
23.93406
23.93406
23.501
23.501
23.93399
23.93399
23.64118
23.64118
23.68933
23.68933
23.68493
23.68493
23.73048
23.73048
23.69463
23.69463
23.59239
23.59239
23.74254
23.74254
23.59378
23.59378
23.42898
23.42898
23.75088
23.75088
23.54227
23.54227
23.7219
23.7219
23.3793
23.3793
23.73427
23.73427
23.49243
23.49243
23.77045
23.77045
23.69684
23.69684
23.5895
23.5895
23.81122
23.81122
23.44522
23.44522
23.72213
23.72213
23.73395
23.73395
23.50771
23.50771
23.61746
23.61746
23.76623
23.76623
23.4633
23.4633
23.76547
23.76547
23.48627
23.48627
23.72133
23.72133
23.80577
23.80577
23.5349
23.5349
23.60839
23.60839
23.39207
23.39207
23.63944
23.63944
23.53668
23.53668
23.53254
23.53254
23.60258
23.60258
23.71193
23.71193
23.50281
23.50281
24.08864
24.08864
23.4342
23.4342
23.72494
23.72494
23.73167
23.73167
23.59629
23.59629
23.60959
23.60959
23.83709
23.83709
23.45855
23.45855
24.07615
24.07615
23.49356
23.49356
23.56717
23.56717
23.33085
23.33085
23.6015
23.6015
23.73134
23.73134
23.70741
23.70741
23.7581
23.7581
23.63098
23.63098
23.66169
23.66169
23.59619
23.59619
23.44667
23.44667
23.8339
23.8339
23.31827
23.31827
23.92876
23.92876
23.45352
23.45352
23.71622
23.71622
23.83077
23.83077
23.70835
23.70835
23.73833
23.73833
23.26323
23.26323
23.76294
23.76294
23.73136
23.73136
23.60738
23.60738
23.7086
23.7086
23.76554
23.76554
23.48819
23.48819
24.08731
24.08731
23.66386
23.66386
23.59551
23.59551
23.71929
23.71929
23.70846
23.70846
23.75696
23.75696
23.46327
23.46327
23.7015
23.7015
23.59448
23.59448
23.6088
23.6088
23.60759
23.60759
23.72413
23.72413
23.46588
23.46588
23.80519
23.80519
23.48507
23.48507
23.6027
23.6027
23.71915
23.71915
23.66996
23.66996
23.45366
23.45366
23.76682
23.76682
23.41664
23.41664
23.74456
23.74456
23.60822
23.60822
23.60548
23.60548
23.44051
23.44051
23.65395
23.65395
23.78565
23.78565
23.5731
23.5731
23.75755
23.75755
23.8319
23.8319
23.5412
23.5412
23.62765
23.62765
23.47462
23.47462
23.92389
23.92389
23.6335
23.6335
23.84331
23.84331
23.33635
23.33635
23.55648
23.55648
23.73541
23.73541
23.52688
23.52688
23.81264
23.81264
23.6359
23.6359
23.58287
23.58287
23.63731
23.63731
23.58165
23.58165
23.73452
23.73452
23.79353
23.79353
23.54868
23.54868
23.8116
23.8116
23.59597
23.59597
23.4784
23.4784
23.62916
23.62916
23.74597
23.74597
23.75737
23.75737
23.4871
23.4871
23.68513
23.68513
23.62964
23.62964
23.58394
23.58394
23.47698
23.47698
23.82325
23.82325
23.39542
23.39542
23.81492
23.81492
23.44163
23.44163
23.51929
23.51929
23.60865
23.60865
23.71163
23.71163
23.34026
23.34026
23.78131
23.78131
23.30532
23.30532
23.6821
23.6821
23.63136
23.63136
23.65573
23.65573
23.59669
23.59669
23.60538
23.60538
23.67072
23.67072
23.48684
23.48684
23.68884
23.68884
23.86042
23.86042
23.62655
23.62655
23.86118
23.86118
23.48198
23.48198
23.94591
23.94591
23.50216
23.50216
23.86919
23.86919
23.53811
23.53811
23.55929
23.55929
23.65884
23.65884
23.46885
23.46885
23.95
23.95
23.47882
23.47882
23.56768
23.56768
23.79703
23.79703
23.54388
23.54388
23.47831
23.47831
23.84823
23.84823
23.32222
23.32222
23.64344
23.64344
23.62288
23.62288
23.59372
23.59372
23.81595
23.81595
23.56674
23.56674
23.85124
23.85124
23.57383
23.57383
23.80696
23.80696
23.78486
23.78486
23.63347
23.63347
23.59542
23.59542
23.77215
23.77215
23.40218
23.40218
23.91152
23.91152
23.59246
23.59246
23.47637
23.47637
23.73176
23.73176
23.81089
23.81089
23.47806
23.47806
23.94253
23.94253
23.35187
23.35187
23.80378
23.80378
23.75484
23.75484
24.02117
24.02117
23.63912
23.63912
23.478
23.478
23.63173
23.63173
23.47462
23.47462
23.56913
23.56913
23.66118
23.66118
23.72035
23.72035
23.88744
23.88744
23.48158
23.48158
24.02151
24.02151
23.40086
23.40086
23.93487
23.93487
23.67482
23.67482
23.54737
23.54737
23.79737
23.79737
23.53614
23.53614
24.021
24.021
23.66146
23.66146
23.67178
23.67178
23.73638
23.73638
23.59966
23.59966
23.50723
23.50723
23.71333
23.71333
23.40852
23.40852
23.59385
23.59385
23.80351
23.80351
23.63288
23.63288
23.58443
23.58443
23.48699
23.48699
23.84845
23.84845
23.6521
23.6521
23.71557
23.71557
23.73594
23.73594
23.76988
23.76988
23.56078
23.56078
23.79951
23.79951
23.47031
23.47031
23.94506
23.94506
23.74473
23.74473
23.61393
23.61393
23.6152
23.6152
23.93406
23.93406
23.501
23.501
23.93399
23.93399
23.64118
23.64118
23.68933
23.68933
23.68493
23.68493
23.73048
23.73048
23.69463
23.69463
23.59239
23.59239
23.74254
23.74254
23.59378
23.59378
23.42898
23.42898
23.75088
23.75088
23.54227
23.54227
23.7219
23.7219
23.3793
23.3793
23.73427
23.73427
23.49243
23.49243
23.77045
23.77045
23.69684
23.69684
23.5895
23.5895
23.81122
23.81122
23.44522
23.44522
23.72213
23.72213
23.73395
23.73395
23.50771
23.50771
23.61746
23.61746
23.76623
23.76623
23.4633
23.4633
23.76547
23.76547
23.48627
23.48627
23.72133
23.72133
23.80577
23.80577
23.5349
23.5349
23.60839
23.60839
23.39207
23.39207
23.63944
23.63944
23.53668
23.53668
23.53254
23.53254
23.60258
23.60258
23.71193
23.71193
23.50281
23.50281
24.08864
24.08864
23.4342
23.4342
23.72494
23.72494
23.73167
23.73167
23.59629
23.59629
23.60959
23.60959
23.83709
23.83709
23.45855
23.45855
24.07615
24.07615
23.49356
23.49356
23.56717
23.56717
23.33085
23.33085
23.6015
23.6015
23.73134
23.73134
23.70741
23.70741
23.7581
23.7581
23.63098
23.63098
23.66169
23.66169
23.59619
23.59619
23.44667
23.44667
23.8339
23.8339
23.31827
23.31827
23.92876
23.92876
23.45352
23.45352
23.71622
23.71622
23.83077
23.83077
23.70835
23.70835
23.73833
23.73833
23.26323
23.26323
23.76294
23.76294
23.73136
23.73136
23.60738
23.60738
23.7086
23.7086
23.76554
23.76554
23.48819
23.48819
24.08731
24.08731
23.66386
23.66386
23.59551
23.59551
23.71929
23.71929
23.70846
23.70846
23.75696
23.75696
23.46327
23.46327
23.7015
23.7015
23.59448
23.59448
23.6088
23.6088
23.60759
23.60759
23.72413
23.72413
23.46588
23.46588
23.80519
23.80519
23.48507
23.48507
23.6027
23.6027
23.71915
23.71915
23.66996
23.66996
23.45366
23.45366
23.76682
23.76682
23.41664
23.41664
23.74456
23.74456
23.60822
23.60822
23.60548
23.60548
23.44051
23.44051
23.65395
23.65395
23.78565
23.78565
23.5731
23.5731
23.75755
23.75755
23.8319
23.8319
23.5412
23.5412
23.62765
23.62765
23.47462
23.47462
23.92389
23.92389
23.6335
23.6335
23.84331
23.84331
23.33635
23.33635
23.55648
23.55648
23.73541
23.73541
23.52688
23.52688
23.81264
23.81264
23.6359
23.6359
23.58287
23.58287
23.63731
23.63731
23.58165
23.58165
23.73452
23.73452
23.79353
23.79353
23.54868
23.54868
23.8116
23.8116
23.59597
23.59597
23.4784
23.4784
23.62916
23.62916
23.74597
23.74597
23.75737
23.75737
23.4871
23.4871
23.68513
23.68513
23.62964
23.62964
23.58394
23.58394
23.47698
23.47698
23.82325
23.82325
23.39542
23.39542
23.81492
23.81492
23.44163
23.44163
23.51929
23.51929
23.60865
23.60865
23.71163
23.71163
23.34026
23.34026
23.78131
23.78131
23.30532
23.30532
23.6821
23.6821
23.63136
23.63136
23.65573
23.65573
23.59669
23.59669
23.60538
23.60538
23.67072
23.67072
23.48684
23.48684
23.68884
23.68884
23.86042
23.86042
23.62655
23.62655
23.86118
23.86118
23.48198
23.48198
23.94591
23.94591
23.50216
23.50216
23.86919
23.86919
23.53811
23.53811
23.55929
23.55929
23.65884
23.65884
23.46885
23.46885
23.95
23.95
23.47882
23.47882
23.56768
23.56768
23.79703
23.79703
23.54388
23.54388
23.47831
23.47831
23.84823
23.84823
23.32222
23.32222
23.64344
23.64344
23.62288
23.62288
23.59372
23.59372
23.81595
23.81595
23.56674
23.56674
23.85124
23.85124
23.57383
23.57383
23.80696
23.80696
23.78486
23.78486
23.63347
23.63347
23.59542
23.59542
23.77215
23.77215
23.40218
23.40218
23.91152
23.91152
23.59246
23.59246
23.47637
23.47637
23.73176
23.73176
23.81089
23.81089
23.47806
23.47806
23.94253
23.94253
23.35187
23.35187
23.80378
23.80378
23.75484
23.75484
24.02117
24.02117
23.63912
23.63912
23.478
23.478
23.63173
23.63173
23.47462
23.47462
23.56913
23.56913
23.66118
23.66118
23.72035
23.72035
23.88744
23.88744
23.48158
23.48158
24.02151
24.02151
23.40086
23.40086
23.93487
23.93487
23.67482
23.67482
23.54737
23.54737
23.79737
23.79737
23.53614
23.53614
24.021
24.021
23.66146
23.66146
23.67178
23.67178
23.73638
23.73638
23.59966
23.59966
23.50723
23.50723
23.71333
23.71333
23.40852
23.40852
23.59385
23.59385
23.80351
23.80351
23.63288
23.63288
23.58443
23.58443
23.48699
23.48699
23.84845
23.84845
23.6521
23.6521
23.71557
23.71557
23.73594
23.73594
23.76988
23.76988
23.56078
23.56078
23.79951
23.79951
23.47031
23.47031
23.94506
23.94506
23.74473
23.74473
23.61393
23.61393
23.6152
23.6152
23.93406
23.93406
23.501
23.501
23.93399
23.93399
23.64118
23.64118
23.68933
23.68933
23.68493
23.68493
23.73048
23.73048
23.69463
23.69463
23.59239
23.59239
23.74254
23.74254
23.59378
23.59378
23.42898
23.42898
23.75088
23.75088
23.54227
23.54227
23.7219
23.7219
23.3793
23.3793
23.73427
23.73427
23.49243
23.49243
23.77045
23.77045
23.69684
23.69684
23.5895
23.5895
23.81122
23.81122
23.44522
23.44522
23.72213
23.72213
23.73395
23.73395
23.50771
23.50771
23.61746
23.61746
23.76623
23.76623
23.4633
23.4633
23.76547
23.76547
23.48627
23.48627
23.72133
23.72133
23.80577
23.80577
23.5349
23.5349
23.60839
23.60839
23.39207
23.39207
23.63944
23.63944
23.53668
23.53668
23.53254
23.53254
23.60258
23.60258
23.71193
23.71193
23.50281
23.50281
24.08864
24.08864
23.4342
23.4342
23.72494
23.72494
23.73167
23.73167
23.59629
23.59629
23.60959
23.60959
23.83709
23.83709
23.45855
23.45855
24.07615
24.07615
23.49356
23.49356
23.56717
23.56717
23.33085
23.33085
23.6015
23.6015
23.73134
23.73134
23.70741
23.70741
23.7581
23.7581
23.63098
23.63098
23.66169
23.66169
23.59619
23.59619
23.44667
23.44667
23.8339
23.8339
23.31827
23.31827
23.92876
23.92876
23.45352
23.45352
23.71622
23.71622
23.83077
23.83077
23.70835
23.70835
23.73833
23.73833
23.26323
23.26323
23.76294
23.76294
23.73136
23.73136
23.60738
23.60738
23.7086
23.7086
23.76554
23.76554
23.48819
23.48819
24.08731
24.08731
23.66386
23.66386
23.59551
23.59551
23.71929
23.71929
23.70846
23.70846
23.75696
23.75696
23.46327
23.46327
23.7015
23.7015
23.59448
23.59448
23.6088
23.6088
23.60759
23.60759
23.72413
23.72413
23.46588
23.46588
23.80519
23.80519
23.48507
23.48507
23.6027
23.6027
23.71915
23.71915
23.66996
23.66996
23.45366
23.45366
23.76682
23.76682
23.41664
23.41664
23.74456
23.74456
23.60822
23.60822
23.60548
23.60548
23.44051
23.44051
23.65395
23.65395
23.78565
23.78565
23.5731
23.5731
23.75755
23.75755
23.8319
23.8319
23.5412
23.5412
23.62765
23.62765
23.47462
23.47462
23.92389
23.92389
23.6335
23.6335
23.84331
23.84331
23.33635
23.33635
23.55648
23.55648
23.73541
23.73541
23.52688
23.52688
23.81264
23.81264
23.6359
23.6359
23.58287
23.58287
23.63731
23.63731
23.58165
23.58165
23.73452
23.73452
23.79353
23.79353
23.54868
23.54868
23.8116
23.8116
23.59597
23.59597
23.4784
23.4784
23.62916
23.62916
23.74597
23.74597
23.75737
23.75737
23.4871
23.4871
23.68513
23.68513
23.62964
23.62964
23.58394
23.58394
23.47698
23.47698
23.82325
23.82325
23.39542
23.39542
23.81492
23.81492
23.44163
23.44163
23.51929
23.51929
23.60865
23.60865
23.71163
23.71163
23.34026
23.34026
23.78131
23.78131
23.30532
23.30532
23.6821
23.6821
23.63136
23.63136
23.65573
23.65573
23.59669
23.59669
23.60538
23.60538
23.67072
23.67072
23.48684
23.48684
23.68884
23.68884
23.86042
23.86042
23.62655
23.62655
23.86118
23.86118
23.48198
23.48198
23.94591
23.94591
23.50216
23.50216
23.86919
23.86919
23.53811
23.53811
23.55929
23.55929
23.65884
23.65884
23.46885
23.46885
23.95
23.95
23.47882
23.47882
23.56768
23.56768
23.79703
23.79703
23.54388
23.54388
23.47831
23.47831
23.84823
23.84823
23.32222
23.32222
23.64344
23.64344
23.62288
23.62288
23.59372
23.59372
23.81595
23.81595
23.56674
23.56674
23.85124
23.85124
23.57383
23.57383
23.80696
23.80696
23.78486
23.78486
23.63347
23.63347
23.59542
23.59542
23.77215
23.77215
23.40218
23.40218
23.91152
23.91152
23.59246
23.59246
23.47637
23.47637
23.73176
23.73176
23.81089
23.81089
23.47806
23.47806
23.94253
23.94253
23.35187
23.35187
23.80378
23.80378
23.75484
23.75484
24.02117
24.02117
23.63912
23.63912
23.478
23.478
23.63173
23.63173
23.47462
23.47462
23.56913
23.56913
23.66118
23.66118
23.72035
23.72035
23.88744
23.88744
23.48158
23.48158
24.02151
24.02151
23.40086
23.40086
23.93487
23.93487
23.67482
23.67482
23.54737
23.54737
23.79737
23.79737
23.53614
23.53614
24.021
24.0